0	0
0.0244013	0.0262899
0.0488026	0.0525273
0.0732039	0.0787119
0.0976052	0.104844
0.122007	0.130923
0.146408	0.15695
0.170809	0.182924
0.19521	0.208846
0.219612	0.234715
0.244013	0.260531
0.268414	0.286295
0.292816	0.312006
0.317217	0.337664
0.341618	0.36327
0.366019	0.388823
0.390421	0.414323
0.414822	0.439771
0.439223	0.465166
0.463625	0.490509
0.488026	0.515799
0.512427	0.541036
0.536829	0.566221
0.56123	0.591353
0.585631	0.616432
0.610032	0.641459
0.634434	0.666433
0.658835	0.691355
0.683236	0.716223
0.707638	0.74104
0.732039	0.765803
0.75644	0.790514
0.780842	0.815173
0.805243	0.839778
0.829644	0.864331
0.854046	0.888832
0.878447	0.91328
0.902848	0.937675
0.927249	0.962017
0.951651	0.986307
0.976052	1.01054
1.00045	1.03473
1.02485	1.05886
1.04926	1.08294
1.07366	1.10697
1.09806	1.13094
1.12246	1.15486
1.14686	1.17873
1.17126	1.20255
1.19566	1.22631
1.22006	1.25002
1.24447	1.27368
1.26887	1.29729
1.29327	1.32084
1.31767	1.34434
1.34207	1.36779
1.36647	1.39118
1.39087	1.41453
1.41528	1.43782
1.43968	1.46105
1.46408	1.48424
1.48848	1.50737
1.51288	1.53045
1.53728	1.55348
1.56168	1.57645
1.58608	1.59937
1.61049	1.62224
1.63489	1.64506
1.65929	1.66782
1.68369	1.69053
1.70809	1.71319
1.73249	1.73579
1.75689	1.75835
1.78129	1.78085
1.8057	1.8033
1.8301	1.82569
1.8545	1.84803
1.8789	1.87032
1.9033	1.89256
1.9277	1.91475
1.9521	1.93688
1.97651	1.95896
2.00091	1.98098
2.02531	2.00296
2.04971	2.02488
2.07411	2.04675
2.09851	2.06856
2.12291	2.09033
2.14731	2.11204
2.17172	2.1337
2.19612	2.1553
2.22052	2.17685
2.24492	2.19836
2.26932	2.2198
2.29372	2.2412
2.31812	2.26254
2.34252	2.28383
2.36693	2.30507
2.39133	2.32625
2.41573	2.34738
2.44013	2.36846
2.46453	2.38949
2.48893	2.41046
2.51333	2.43139
2.53774	2.45225
2.56214	2.47307
2.58654	2.49383
2.61094	2.51455
2.63534	2.5352
2.65974	2.55581
2.68414	2.57636
2.70854	2.59686
2.73295	2.61731
2.75735	2.63771
2.78175	2.65805
2.80615	2.67834
2.83055	2.69857
2.85495	2.71876
2.87935	2.73889
2.90375	2.75897
2.92816	2.779
2.95256	2.79897
2.97696	2.81889
3.00136	2.83876
3.02576	2.85858
3.05016	2.87834
3.07456	2.89805
3.09897	2.91771
3.12337	2.93732
3.14777	2.95687
3.17217	2.97637
3.19657	2.99582
3.22097	3.01521
3.24537	3.03455
3.26977	3.05384
3.29418	3.07308
3.31858	3.09227
3.34298	3.1114
3.36738	3.13048
3.39178	3.1495
3.41618	3.16848
3.44058	3.1874
3.46498	3.20627
3.48939	3.22508
3.51379	3.24385
3.53819	3.26256
3.56259	3.28122
3.58699	3.29982
3.61139	3.31838
3.63579	3.33688
3.66019	3.35532
3.6846	3.37372
3.709	3.39206
3.7334	3.41035
3.7578	3.42859
3.7822	3.44677
3.8066	3.4649
3.831	3.48298
3.85541	3.50101
3.87981	3.51898
3.90421	3.53691
3.92861	3.55477
3.95301	3.57259
3.97741	3.59035
4.00181	3.60806
4.02621	3.62572
4.05062	3.64333
4.07502	3.66088
4.09942	3.67838
4.12382	3.69583
4.14822	3.71322
4.17262	3.73057
4.19702	3.74786
4.22142	3.76509
4.24583	3.78228
4.27023	3.79941
4.29463	3.81649
4.31903	3.83352
4.34343	3.85049
4.36783	3.86741
4.39223	3.88428
4.41664	3.9011
4.44104	3.91786
4.46544	3.93457
4.48984	3.95123
4.51424	3.96783
4.53864	3.98439
4.56304	4.00089
4.58744	4.01734
4.61185	4.03373
4.63625	4.05007
4.66065	4.06636
4.68505	4.0826
4.70945	4.09878
4.73385	4.11492
4.75825	4.13099
4.78265	4.14702
4.80706	4.163
4.83146	4.17892
4.85586	4.19479
4.88026	4.2106
4.90466	4.22636
4.92906	4.24208
4.95346	4.25773
4.97787	4.27334
5.00227	4.28889
5.02667	4.30439
5.05107	4.31984
5.07547	4.33524
5.09987	4.35058
5.12427	4.36587
5.14867	4.3811
5.17308	4.39629
5.19748	4.41142
5.22188	4.4265
5.24628	4.44153
5.27068	4.4565
5.29508	4.47142
5.31948	4.48629
5.34388	4.50111
5.36829	4.51587
5.39269	4.53058
5.41709	4.54524
5.44149	4.55984
5.46589	4.5744
5.49029	4.5889
5.51469	4.60335
5.5391	4.61774
5.5635	4.63208
5.5879	4.64637
5.6123	4.66061
5.6367	4.67479
5.6611	4.68893
5.6855	4.703
5.7099	4.71703
5.73431	4.73101
5.75871	4.74493
5.78311	4.7588
5.80751	4.77261
5.83191	4.78637
5.85631	4.80009
5.88071	4.81374
5.90511	4.82735
5.92952	4.8409
5.95392	4.8544
5.97832	4.86785
6.00272	4.88124
6.02712	4.89459
6.05152	4.90788
6.07592	4.92111
6.10032	4.9343
6.12473	4.94743
6.14913	4.96051
6.17353	4.97354
6.19793	4.98651
6.22233	4.99943
6.24673	5.0123
6.27113	5.02512
6.29554	5.03788
6.31994	5.05059
6.34434	5.06325
6.36874	5.07585
6.39314	5.08841
6.41754	5.10091
6.44194	5.11335
6.46634	5.12575
6.49075	5.13809
6.51515	5.15038
6.53955	5.16262
6.56395	5.1748
6.58835	5.18693
6.61275	5.19901
6.63715	5.21104
6.66155	5.22301
6.68596	5.23494
6.71036	5.2468
6.73476	5.25862
6.75916	5.27038
6.78356	5.28209
6.80796	5.29375
6.83236	5.30536
6.85677	5.31691
6.88117	5.32841
6.90557	5.33986
6.92997	5.35125
6.95437	5.3626
6.97877	5.37388
7.00317	5.38512
7.02757	5.39631
7.05198	5.40744
7.07638	5.41852
7.10078	5.42954
7.12518	5.44052
7.14958	5.45144
7.17398	5.46231
7.19838	5.47312
7.22278	5.48389
7.24719	5.4946
7.27159	5.50526
7.29599	5.51586
7.32039	5.52641
7.34479	5.53691
7.36919	5.54736
7.39359	5.55776
7.418	5.5681
7.4424	5.57839
7.4668	5.58863
7.4912	5.59881
7.5156	5.60894
7.54	5.61902
7.5644	5.62905
7.5888	5.63902
7.61321	5.64894
7.63761	5.65881
7.66201	5.66863
7.68641	5.67839
7.71081	5.6881
7.73521	5.69776
7.75961	5.70736
7.78401	5.71692
7.80842	5.72642
7.83282	5.73586
7.85722	5.74526
7.88162	5.7546
7.90602	5.76389
7.93042	5.77313
7.95482	5.78231
7.97923	5.79144
8.00363	5.80052
8.02803	5.80955
8.05243	5.81852
8.07683	5.82745
8.10123	5.83631
8.12563	5.84513
8.15003	5.85389
8.17444	5.8626
8.19884	5.87126
8.22324	5.87987
8.24764	5.88842
8.27204	5.89692
8.29644	5.90537
8.32084	5.91376
8.34524	5.9221
8.36965	5.93039
8.39405	5.93863
8.41845	5.94682
8.44285	5.95495
8.46725	5.96303
8.49165	5.97105
8.51605	5.97903
8.54045	5.98695
8.56486	5.99482
8.58926	6.00263
8.61366	6.0104
8.63806	6.01811
8.66246	6.02576
8.68686	6.03337
8.71126	6.04092
8.73567	6.04842
8.76007	6.05587
8.78447	6.06326
8.80887	6.07061
8.83327	6.0779
8.85767	6.08513
8.88207	6.09232
8.90647	6.09945
8.93088	6.10653
8.95528	6.11355
8.97968	6.12053
9.00408	6.12745
9.02848	6.13432
9.05288	6.14113
9.07728	6.1479
9.10168	6.15461
9.12609	6.16127
9.15049	6.16787
9.17489	6.17442
9.19929	6.18092
9.22369	6.18737
9.24809	6.19377
9.27249	6.20011
9.2969	6.2064
9.3213	6.21264
9.3457	6.21882
9.3701	6.22495
9.3945	6.23103
9.4189	6.23706
9.4433	6.24303
9.4677	6.24895
9.49211	6.25482
9.51651	6.26064
9.54091	6.2664
9.56531	6.27211
9.58971	6.27777
9.61411	6.28337
9.63851	6.28893
9.66291	6.29443
9.68732	6.29987
9.71172	6.30527
9.73612	6.31061
9.76052	6.3159
9.78492	6.32114
9.80932	6.32632
9.83372	6.33145
9.85813	6.33653
9.88253	6.34156
9.90693	6.34653
9.93133	6.35145
9.95573	6.35632
9.98013	6.36114
10.0045	6.3659
10.0289	6.37061
10.0533	6.37527
10.0777	6.37987
10.1021	6.38443
10.1265	6.38893
10.1509	6.39337
10.1753	6.39777
10.1997	6.40211
10.2241	6.4064
10.2485	6.41064
10.2729	6.41482
10.2973	6.41895
10.3217	6.42303
10.3462	6.42706
10.3706	6.43103
10.395	6.43495
10.4194	6.43882
10.4438	6.44264
10.4682	6.4464
10.4926	6.45011
10.517	6.45377
10.5414	6.45738
10.5658	6.46093
10.5902	6.46443
10.6146	6.46788
10.639	6.47127
10.6634	6.47461
10.6878	6.4779
10.7122	6.48114
10.7366	6.48432
10.761	6.48746
10.7854	6.49053
10.8098	6.49356
10.8342	6.49653
10.8586	6.49946
10.883	6.50232
10.9074	6.50514
10.9318	6.5079
10.9562	6.51061
10.9806	6.51327
11.005	6.51588
11.0294	6.51843
11.0538	6.52093
11.0782	6.52338
11.1026	6.52577
11.127	6.52811
11.1514	6.5304
11.1758	6.53264
11.2002	6.53482
11.2246	6.53696
11.249	6.53903
11.2734	6.54106
11.2978	6.54303
11.3222	6.54496
11.3466	6.54682
11.371	6.54864
11.3954	6.5504
11.4198	6.55211
11.4442	6.55377
11.4686	6.55538
11.493	6.55693
11.5174	6.55843
11.5418	6.55988
11.5662	6.56127
11.5906	6.56261
11.615	6.5639
11.6394	6.56514
11.6638	6.56632
11.6882	6.56746
11.7126	6.56853
11.737	6.56956
11.7614	6.57053
11.7858	6.57146
11.8102	6.57232
11.8346	6.57314
11.859	6.5739
11.8834	6.57461
11.9078	6.57527
11.9322	6.57588
11.9566	6.57643
11.981	6.57693
12.0054	6.57738
12.0298	6.57777
12.0542	6.57811
12.0786	6.5784
12.103	6.57864
12.1274	6.57882
12.1518	6.57896
12.1762	6.57903
12.2006	6.57906
12.2251	6.57903
12.2495	6.57896
12.2739	6.57882
12.2983	6.57864
12.3227	6.5784
12.3471	6.57811
12.3715	6.57777
12.3959	6.57738
12.4203	6.57693
12.4447	6.57643
12.4691	6.57588
12.4935	6.57527
12.5179	6.57461
12.5423	6.5739
12.5667	6.57314
12.5911	6.57232
12.6155	6.57146
12.6399	6.57053
12.6643	6.56956
12.6887	6.56853
12.7131	6.56745
12.7375	6.56632
12.7619	6.56514
12.7863	6.5639
12.8107	6.56261
12.8351	6.56127
12.8595	6.55988
12.8839	6.55843
12.9083	6.55693
12.9327	6.55538
12.9571	6.55377
12.9815	6.55211
13.0059	6.5504
13.0303	6.54864
13.0547	6.54682
13.0791	6.54495
13.1035	6.54303
13.1279	6.54106
13.1523	6.53903
13.1767	6.53695
13.2011	6.53482
13.2255	6.53264
13.2499	6.5304
13.2743	6.52811
13.2987	6.52577
13.3231	6.52337
13.3475	6.52093
13.3719	6.51843
13.3963	6.51587
13.4207	6.51327
13.4451	6.51061
13.4695	6.5079
13.4939	6.50514
13.5183	6.50232
13.5427	6.49945
13.5671	6.49653
13.5915	6.49356
13.6159	6.49053
13.6403	6.48745
13.6647	6.48432
13.6891	6.48114
13.7135	6.4779
13.7379	6.47461
13.7623	6.47127
13.7867	6.46787
13.8111	6.46443
13.8355	6.46093
13.8599	6.45737
13.8843	6.45377
13.9087	6.45011
13.9331	6.4464
13.9575	6.44264
13.9819	6.43882
14.0063	6.43495
14.0307	6.43103
14.0551	6.42706
14.0796	6.42303
14.104	6.41895
14.1284	6.41482
14.1528	6.41063
14.1772	6.4064
14.2016	6.40211
14.226	6.39777
14.2504	6.39337
14.2748	6.38892
14.2992	6.38442
14.3236	6.37987
14.348	6.37527
14.3724	6.37061
14.3968	6.3659
14.4212	6.36113
14.4456	6.35632
14.47	6.35145
14.4944	6.34653
14.5188	6.34155
14.5432	6.33653
14.5676	6.33145
14.592	6.32632
14.6164	6.32113
14.6408	6.3159
14.6652	6.31061
14.6896	6.30526
14.714	6.29987
14.7384	6.29442
14.7628	6.28892
14.7872	6.28337
14.8116	6.27776
14.836	6.27211
14.8604	6.26639
14.8848	6.26063
14.9092	6.25482
14.9336	6.24895
14.958	6.24303
14.9824	6.23705
15.0068	6.23103
15.0312	6.22495
15.0556	6.21881
15.08	6.21263
15.1044	6.20639
15.1288	6.2001
15.1532	6.19376
15.1776	6.18737
15.202	6.18092
15.2264	6.17442
15.2508	6.16787
15.2752	6.16126
15.2996	6.1546
15.324	6.14789
15.3484	6.14113
15.3728	6.13431
15.3972	6.12744
15.4216	6.12052
15.446	6.11355
15.4704	6.10652
15.4948	6.09944
15.5192	6.09231
15.5436	6.08513
15.568	6.07789
15.5924	6.0706
15.6168	6.06326
15.6412	6.05586
15.6656	6.04842
15.69	6.04092
15.7144	6.03336
15.7388	6.02576
15.7632	6.0181
15.7876	6.01039
15.812	6.00263
15.8364	5.99481
15.8608	5.98694
15.8852	5.97902
15.9096	5.97105
15.934	5.96302
15.9585	5.95494
15.9829	5.94681
16.0073	5.93862
16.0317	5.93039
16.0561	5.9221
16.0805	5.91376
16.1049	5.90536
16.1293	5.89691
16.1537	5.88841
16.1781	5.87986
16.2025	5.87125
16.2269	5.8626
16.2513	5.85389
16.2757	5.84512
16.3001	5.83631
16.3245	5.82744
16.3489	5.81852
16.3733	5.80954
16.3977	5.80052
16.4221	5.79144
16.4465	5.78231
16.4709	5.77312
16.4953	5.76388
16.5197	5.75459
16.5441	5.74525
16.5685	5.73586
16.5929	5.72641
16.6173	5.71691
16.6417	5.70736
16.6661	5.69775
16.6905	5.68809
16.7149	5.67838
16.7393	5.66862
16.7637	5.6588
16.7881	5.64893
16.8125	5.63901
16.8369	5.62904
16.8613	5.61901
16.8857	5.60893
16.9101	5.5988
16.9345	5.58862
16.9589	5.57838
16.9833	5.56809
17.0077	5.55775
17.0321	5.54735
17.0565	5.53691
17.0809	5.5264
17.1053	5.51585
17.1297	5.50525
17.1541	5.49459
17.1785	5.48388
17.2029	5.47311
17.2273	5.4623
17.2517	5.45143
17.2761	5.44051
17.3005	5.42953
17.3249	5.41851
17.3493	5.40743
17.3737	5.3963
17.3981	5.38511
17.4225	5.37388
17.4469	5.36259
17.4713	5.35124
17.4957	5.33985
17.5201	5.3284
17.5445	5.3169
17.5689	5.30535
17.5933	5.29374
17.6177	5.28208
17.6421	5.27037
17.6665	5.25861
17.6909	5.24679
17.7153	5.23493
17.7397	5.223
17.7641	5.21103
17.7885	5.199
17.8129	5.18692
17.8374	5.17479
17.8618	5.16261
17.8862	5.15037
17.9106	5.13808
17.935	5.12574
17.9594	5.11334
17.9838	5.1009
18.0082	5.0884
18.0326	5.07584
18.057	5.06324
18.0814	5.05058
18.1058	5.03787
18.1302	5.02511
18.1546	5.01229
18.179	4.99942
18.2034	4.9865
18.2278	4.97353
18.2522	4.9605
18.2766	4.94742
18.301	4.93429
18.3254	4.9211
18.3498	4.90787
18.3742	4.89458
18.3986	4.88123
18.423	4.86784
18.4474	4.85439
18.4718	4.84089
18.4962	4.82734
18.5206	4.81373
18.545	4.80007
18.5694	4.78636
18.5938	4.7726
18.6182	4.75878
18.6426	4.74492
18.667	4.73099
18.6914	4.71702
18.7158	4.70299
18.7402	4.68891
18.7646	4.67478
18.789	4.6606
18.8134	4.64636
18.8378	4.63207
18.8622	4.61773
18.8866	4.60333
18.911	4.58889
18.9354	4.57439
18.9598	4.55983
18.9842	4.54523
19.0086	4.53057
19.033	4.51586
19.0574	4.50109
19.0818	4.48628
19.1062	4.47141
19.1306	4.45649
19.155	4.44151
19.1794	4.42649
19.2038	4.41141
19.2282	4.39628
19.2526	4.38109
19.277	4.36585
19.3014	4.35056
19.3258	4.33522
19.3502	4.31983
19.3746	4.30438
19.399	4.28888
19.4234	4.27333
19.4478	4.25772
19.4722	4.24206
19.4966	4.22635
19.521	4.21059
19.5454	4.19477
19.5698	4.1789
19.5942	4.16298
19.6186	4.14701
19.643	4.13098
19.6674	4.1149
19.6918	4.09877
19.7163	4.08259
19.7407	4.06635
19.7651	4.05006
19.7895	4.03372
19.8139	4.01732
19.8383	4.00087
19.8627	3.98437
19.8871	3.96782
19.9115	3.95121
19.9359	3.93456
19.9603	3.91785
19.9847	3.90108
20.0091	3.88427
20.0335	3.8674
20.0579	3.85048
20.0823	3.8335
20.1067	3.81648
20.1311	3.7994
20.1555	3.78226
20.1799	3.76508
20.2043	3.74784
20.2287	3.73055
20.2531	3.71321
20.2775	3.69581
20.3019	3.67837
20.3263	3.66087
20.3507	3.64331
20.3751	3.62571
20.3995	3.60805
20.4239	3.59034
20.4483	3.57258
20.4727	3.55476
20.4971	3.53689
20.5215	3.51897
20.5459	3.501
20.5703	3.48297
20.5947	3.46489
20.6191	3.44676
20.6435	3.42857
20.6679	3.41034
20.6923	3.39205
20.7167	3.3737
20.7411	3.35531
20.7655	3.33686
20.7899	3.31836
20.8143	3.29981
20.8387	3.2812
20.8631	3.26254
20.8875	3.24383
20.9119	3.22507
20.9363	3.20625
20.9607	3.18738
20.9851	3.16846
21.0095	3.14949
21.0339	3.13046
21.0583	3.11138
21.0827	3.09225
21.1071	3.07307
21.1315	3.05383
21.1559	3.03454
21.1803	3.0152
21.2047	2.9958
21.2291	2.97635
21.2535	2.95685
21.2779	2.9373
21.3023	2.91769
21.3267	2.89804
21.3511	2.87832
21.3755	2.85856
21.3999	2.83875
21.4243	2.81888
21.4487	2.79895
21.4731	2.77898
21.4975	2.75895
21.5219	2.73887
21.5463	2.71874
21.5707	2.69856
21.5952	2.67832
21.6196	2.65803
21.644	2.63769
21.6684	2.61729
21.6928	2.59685
21.7172	2.57635
21.7416	2.55579
21.766	2.53519
21.7904	2.51453
21.8148	2.49382
21.8392	2.47305
21.8636	2.45224
21.888	2.43137
21.9124	2.41045
21.9368	2.38947
21.9612	2.36845
21.9856	2.34737
22.01	2.32623
22.0344	2.30505
22.0588	2.28381
22.0832	2.26252
22.1076	2.24118
22.132	2.21979
22.1564	2.19834
22.1808	2.17684
22.2052	2.15528
22.2296	2.13368
22.254	2.11202
22.2784	2.09031
22.3028	2.06855
22.3272	2.04673
22.3516	2.02486
22.376	2.00294
22.4004	1.98096
22.4248	1.95894
22.4492	1.93686
22.4736	1.91473
22.498	1.89254
22.5224	1.8703
22.5468	1.84801
22.5712	1.82567
22.5956	1.80328
22.62	1.78083
22.6444	1.75833
22.6688	1.73578
22.6932	1.71317
22.7176	1.69051
22.742	1.6678
22.7664	1.64504
22.7908	1.62222
22.8152	1.59935
22.8396	1.57643
22.864	1.55346
22.8884	1.53043
22.9128	1.50735
22.9372	1.48422
22.9616	1.46103
22.986	1.4378
23.0104	1.41451
23.0348	1.39116
23.0592	1.36777
23.0836	1.34432
23.108	1.32082
23.1324	1.29727
23.1568	1.27366
23.1812	1.25
23.2056	1.22629
23.23	1.20253
23.2544	1.17871
23.2788	1.15484
23.3032	1.13092
23.3276	1.10695
23.352	1.08292
23.3764	1.05884
23.4008	1.03471
23.4252	1.01052
23.4496	0.986287
23.4741	0.961997
23.4985	0.937655
23.5229	0.913259
23.5473	0.888811
23.5717	0.864311
23.5961	0.839758
23.6205	0.815152
23.6449	0.790494
23.6693	0.765783
23.6937	0.741019
23.7181	0.716203
23.7425	0.691334
23.7669	0.666412
23.7913	0.641438
23.8157	0.616411
23.8401	0.591332
23.8645	0.5662
23.8889	0.541015
23.9133	0.515778
23.9377	0.490488
23.9621	0.465145
23.9865	0.43975
24.0109	0.414302
24.0353	0.388802
24.0597	0.363248
24.0841	0.337643
24.1085	0.311984
24.1329	0.286273
24.1573	0.26051
24.1817	0.234693
24.2061	0.208824
24.2305	0.182903
24.2549	0.156929
24.2793	0.130902
24.3037	0.104822
24.3281	0.0786902
24.3525	0.0525055
24.3769	0.0262681
