0	0.999955
0.1	0.99995
0.2	0.999946
0.3	0.999941
0.4	0.999935
0.5	0.99993
0.6	0.999923
0.7	0.999916
0.8	0.999909
0.9	0.999901
1	0.999893
1.1	0.999883
1.2	0.999874
1.3	0.999863
1.4	0.999852
1.5	0.999839
1.6	0.999826
1.7	0.999812
1.8	0.999797
1.9	0.999781
2	0.999764
2.1	0.999746
2.2	0.999726
2.3	0.999705
2.4	0.999683
2.5	0.99966
2.6	0.999634
2.7	0.999607
2.8	0.999579
2.9	0.999548
3	0.999516
3.1	0.999482
3.2	0.999446
3.3	0.999407
3.4	0.999366
3.5	0.999323
3.6	0.999277
3.7	0.999229
3.8	0.999178
3.9	0.999124
4	0.999067
4.1	0.999006
4.2	0.998943
4.3	0.998876
4.4	0.998806
4.5	0.998731
4.6	0.998653
4.7	0.998571
4.8	0.998485
4.9	0.998394
5	0.998299
5.1	0.998199
5.2	0.998094
5.3	0.997984
5.4	0.997868
5.5	0.997747
5.6	0.997621
5.7	0.997489
5.8	0.99735
5.9	0.997206
6	0.997055
6.1	0.996897
6.2	0.996732
6.3	0.99656
6.4	0.996381
6.5	0.996194
6.6	0.995999
6.7	0.995796
6.8	0.995585
6.9	0.995365
7	0.995136
7.1	0.994898
7.2	0.994651
7.3	0.994395
7.4	0.994128
7.5	0.993852
7.6	0.993565
7.7	0.993267
7.8	0.992958
7.9	0.992639
8	0.992308
8.1	0.991965
8.2	0.99161
8.3	0.991243
8.4	0.990863
8.5	0.99047
8.6	0.990065
8.7	0.989645
8.8	0.989213
8.9	0.988766
9	0.988305
9.1	0.987829
9.2	0.987339
9.3	0.986833
9.4	0.986313
9.5	0.985776
9.6	0.985224
9.7	0.984655
9.8	0.98407
9.9	0.983468
10	0.982849
10.1	0.982213
10.2	0.981559
10.3	0.980887
10.4	0.980197
10.5	0.979489
10.6	0.978762
10.7	0.978016
10.8	0.977252
10.9	0.976467
11	0.975663
11.1	0.974839
11.2	0.973995
11.3	0.973131
11.4	0.972246
11.5	0.97134
11.6	0.970413
11.7	0.969465
11.8	0.968496
11.9	0.967505
12	0.966491
12.1	0.965456
12.2	0.964399
12.3	0.963319
12.4	0.962216
12.5	0.961091
12.6	0.959942
12.7	0.958771
12.8	0.957576
12.9	0.956358
13	0.955116
13.1	0.95385
13.2	0.952561
13.3	0.951247
13.4	0.94991
13.5	0.948548
13.6	0.947162
13.7	0.945751
13.8	0.944316
13.9	0.942856
14	0.941372
14.1	0.939863
14.2	0.938329
14.3	0.93677
14.4	0.935186
14.5	0.933578
14.6	0.931944
14.7	0.930286
14.8	0.928602
14.9	0.926894
15	0.92516
15.1	0.923401
15.2	0.921618
15.3	0.919809
15.4	0.917975
15.5	0.916117
15.6	0.914233
15.7	0.912325
15.8	0.910392
15.9	0.908434
16	0.906452
16.1	0.904445
16.2	0.902413
16.3	0.900357
16.4	0.898277
16.5	0.896172
16.6	0.894044
16.7	0.891891
16.8	0.889715
16.9	0.887515
17	0.885291
17.1	0.883044
17.2	0.880773
17.3	0.87848
17.4	0.876163
17.5	0.873824
17.6	0.871462
17.7	0.869077
17.8	0.86667
17.9	0.864242
18	0.861791
18.1	0.859318
18.2	0.856824
18.3	0.854309
18.4	0.851773
18.5	0.849216
18.6	0.846638
18.7	0.84404
18.8	0.841422
18.9	0.838784
19	0.836126
19.1	0.833449
19.2	0.830753
19.3	0.828037
19.4	0.825303
19.5	0.822551
19.6	0.819781
19.7	0.816992
19.8	0.814187
19.9	0.811363
20	0.808523
20.1	0.805666
20.2	0.802793
20.3	0.799903
20.4	0.796998
20.5	0.794077
20.6	0.791141
20.7	0.788189
20.8	0.785223
20.9	0.782243
21	0.779249
21.1	0.77624
21.2	0.773219
21.3	0.770184
21.4	0.767136
21.5	0.764075
21.6	0.761003
21.7	0.757918
21.8	0.754822
21.9	0.751714
22	0.748596
22.1	0.745466
22.2	0.742327
22.3	0.739177
22.4	0.736017
22.5	0.732848
22.6	0.72967
22.7	0.726483
22.8	0.723288
22.9	0.720084
23	0.716872
23.1	0.713653
23.2	0.710427
23.3	0.707194
23.4	0.703954
23.5	0.700707
23.6	0.697455
23.7	0.694197
23.8	0.690933
23.9	0.687664
24	0.684391
24.1	0.681113
24.2	0.677831
24.3	0.674545
24.4	0.671255
24.5	0.667962
24.6	0.664666
24.7	0.661367
24.8	0.658065
24.9	0.654762
25	0.651457
25.1	0.648149
25.2	0.644841
25.3	0.641532
25.4	0.638222
25.5	0.634911
25.6	0.6316
25.7	0.628289
25.8	0.624979
25.9	0.621669
26	0.61836
26.1	0.615052
26.2	0.611745
26.3	0.60844
26.4	0.605137
26.5	0.601835
26.6	0.598537
26.7	0.59524
26.8	0.591947
26.9	0.588657
27	0.58537
27.1	0.582086
27.2	0.578807
27.3	0.575531
27.4	0.57226
27.5	0.568993
27.6	0.56573
27.7	0.562473
27.8	0.55922
27.9	0.555973
28	0.552731
28.1	0.549495
28.2	0.546265
28.3	0.543041
28.4	0.539824
28.5	0.536613
28.6	0.533408
28.7	0.53021
28.8	0.52702
28.9	0.523836
29	0.52066
29.1	0.517492
29.2	0.514331
29.3	0.511178
29.4	0.508033
29.5	0.504896
29.6	0.501768
29.7	0.498648
29.8	0.495537
29.9	0.492435
30	0.489342
30.1	0.486258
30.2	0.483183
30.3	0.480117
30.4	0.477062
30.5	0.474015
30.6	0.470979
30.7	0.467952
30.8	0.464936
30.9	0.461929
31	0.458933
31.1	0.455947
31.2	0.452972
31.3	0.450007
31.4	0.447053
31.5	0.44411
31.6	0.441178
31.7	0.438257
31.8	0.435347
31.9	0.432448
32	0.42956
32.1	0.426684
32.2	0.423819
32.3	0.420966
32.4	0.418124
32.5	0.415294
32.6	0.412476
32.7	0.40967
32.8	0.406876
32.9	0.404093
33	0.401323
33.1	0.398565
33.2	0.395819
33.3	0.393085
33.4	0.390364
33.5	0.387654
33.6	0.384958
33.7	0.382273
33.8	0.379601
33.9	0.376942
34	0.374295
34.1	0.371661
34.2	0.36904
34.3	0.366431
34.4	0.363835
34.5	0.361252
34.6	0.358682
34.7	0.356124
34.8	0.353579
34.9	0.351047
35	0.348528
35.1	0.346022
35.2	0.343529
35.3	0.341049
35.4	0.338582
35.5	0.336128
35.6	0.333686
35.7	0.331258
35.8	0.328843
35.9	0.326441
36	0.324052
36.1	0.321676
36.2	0.319313
36.3	0.316963
36.4	0.314626
36.5	0.312302
36.6	0.309991
36.7	0.307694
36.8	0.305409
36.9	0.303137
37	0.300879
37.1	0.298633
37.2	0.2964
37.3	0.294181
37.4	0.291974
37.5	0.28978
37.6	0.2876
37.7	0.285432
37.8	0.283277
37.9	0.281135
38	0.279006
38.1	0.27689
38.2	0.274786
38.3	0.272696
38.4	0.270618
38.5	0.268553
38.6	0.2665
38.7	0.264461
38.8	0.262434
38.9	0.260419
39	0.258418
39.1	0.256429
39.2	0.254452
39.3	0.252488
39.4	0.250537
39.5	0.248597
39.6	0.246671
39.7	0.244757
39.8	0.242855
39.9	0.240965
40	0.239088
40.1	0.237223
40.2	0.23537
40.3	0.233529
40.4	0.2317
40.5	0.229884
40.6	0.22808
40.7	0.226287
40.8	0.224507
40.9	0.222738
41	0.220981
41.1	0.219236
41.2	0.217503
41.3	0.215782
41.4	0.214072
41.5	0.212374
41.6	0.210687
41.7	0.209012
41.8	0.207349
41.9	0.205697
42	0.204056
42.1	0.202427
42.2	0.200809
42.3	0.199203
42.4	0.197607
42.5	0.196023
42.6	0.19445
42.7	0.192887
42.8	0.191336
42.9	0.189796
43	0.188267
43.1	0.186748
43.2	0.185241
43.3	0.183744
43.4	0.182258
43.5	0.180782
43.6	0.179317
43.7	0.177863
43.8	0.176419
43.9	0.174986
44	0.173563
44.1	0.17215
44.2	0.170747
44.3	0.169355
44.4	0.167973
44.5	0.166601
44.6	0.165239
44.7	0.163887
44.8	0.162545
44.9	0.161213
45	0.159891
45.1	0.158579
45.2	0.157276
45.3	0.155983
45.4	0.1547
45.5	0.153426
45.6	0.152162
45.7	0.150907
45.8	0.149661
45.9	0.148425
46	0.147199
46.1	0.145981
46.2	0.144773
46.3	0.143574
46.4	0.142383
46.5	0.141202
46.6	0.14003
46.7	0.138867
46.8	0.137713
46.9	0.136567
47	0.135431
47.1	0.134303
47.2	0.133183
47.3	0.132073
47.4	0.130971
47.5	0.129877
47.6	0.128792
47.7	0.127715
47.8	0.126646
47.9	0.125586
48	0.124534
48.1	0.12349
48.2	0.122454
48.3	0.121427
48.4	0.120407
48.5	0.119395
48.6	0.118392
48.7	0.117396
48.8	0.116408
48.9	0.115427
49	0.114455
49.1	0.11349
49.2	0.112533
49.3	0.111583
49.4	0.110641
49.5	0.109706
49.6	0.108778
49.7	0.107858
49.8	0.106946
49.9	0.10604
50	0.105142
50.1	0.104251
50.2	0.103367
50.3	0.10249
50.4	0.10162
50.5	0.100757
50.6	0.0999007
50.7	0.0990515
50.8	0.0982091
50.9	0.0973735
51	0.0965446
51.1	0.0957224
51.2	0.0949069
51.3	0.0940979
51.4	0.0932954
51.5	0.0924994
51.6	0.0917099
51.7	0.0909267
51.8	0.09015
51.9	0.0893795
52	0.0886153
52.1	0.0878572
52.2	0.0871054
52.3	0.0863597
52.4	0.0856201
52.5	0.0848865
52.6	0.0841589
52.7	0.0834372
52.8	0.0827215
52.9	0.0820116
53	0.0813075
53.1	0.0806092
53.2	0.0799166
53.3	0.0792298
53.4	0.0785485
53.5	0.0778729
53.6	0.0772029
53.7	0.0765383
53.8	0.0758793
53.9	0.0752257
54	0.0745775
54.1	0.0739346
54.2	0.0732971
54.3	0.0726648
54.4	0.0720378
54.5	0.071416
54.6	0.0707993
54.7	0.0701878
54.8	0.0695814
54.9	0.06898
55	0.0683836
55.1	0.0677921
55.2	0.0672056
55.3	0.066624
55.4	0.0660472
55.5	0.0654753
55.6	0.0649081
55.7	0.0643457
55.8	0.063788
55.9	0.0632349
56	0.0626865
56.1	0.0621427
56.2	0.0616034
56.3	0.0610687
56.4	0.0605384
56.5	0.0600127
56.6	0.0594913
56.7	0.0589743
56.8	0.0584617
56.9	0.0579534
57	0.0574493
57.1	0.0569496
57.2	0.056454
57.3	0.0559626
57.4	0.0554754
57.5	0.0549923
57.6	0.0545132
57.7	0.0540383
57.8	0.0535673
57.9	0.0531003
58	0.0526373
58.1	0.0521782
58.2	0.0517231
58.3	0.0512717
58.4	0.0508242
58.5	0.0503805
58.6	0.0499406
58.7	0.0495044
58.8	0.0490719
58.9	0.0486431
59	0.048218
59.1	0.0477965
59.2	0.0473786
59.3	0.0469642
59.4	0.0465534
59.5	0.046146
59.6	0.0457422
59.7	0.0453418
59.8	0.0449448
59.9	0.0445512
60	0.044161
60.1	0.0437741
60.2	0.0433906
60.3	0.0430103
60.4	0.0426333
60.5	0.0422595
60.6	0.0418889
60.7	0.0415215
60.8	0.0411572
60.9	0.0407961
61	0.0404381
61.1	0.0400831
61.2	0.0397312
61.3	0.0393824
61.4	0.0390365
61.5	0.0386936
61.6	0.0383537
61.7	0.0380166
61.8	0.0376825
61.9	0.0373513
62	0.0370229
62.1	0.0366974
62.2	0.0363746
62.3	0.0360547
62.4	0.0357375
62.5	0.035423
62.6	0.0351113
62.7	0.0348022
62.8	0.0344959
62.9	0.0341921
63	0.033891
63.1	0.0335925
63.2	0.0332966
63.3	0.0330033
63.4	0.0327125
63.5	0.0324242
63.6	0.0321384
63.7	0.0318551
63.8	0.0315742
63.9	0.0312958
64	0.0310198
64.1	0.0307462
64.2	0.030475
64.3	0.0302061
64.4	0.0299396
64.5	0.0296753
64.6	0.0294134
64.7	0.0291537
64.8	0.0288963
64.9	0.0286412
65	0.0283883
65.1	0.0281375
65.2	0.027889
65.3	0.0276426
65.4	0.0273983
65.5	0.0271562
65.6	0.0269162
65.7	0.0266783
65.8	0.0264425
65.9	0.0262087
66	0.0259769
66.1	0.0257472
66.2	0.0255195
66.3	0.0252938
66.4	0.02507
66.5	0.0248482
66.6	0.0246283
66.7	0.0244104
66.8	0.0241944
66.9	0.0239802
67	0.0237679
67.1	0.0235575
67.2	0.0233489
67.3	0.0231422
67.4	0.0229372
67.5	0.0227341
67.6	0.0225327
67.7	0.0223331
67.8	0.0221352
67.9	0.0219391
68	0.0217447
68.1	0.021552
68.2	0.0213609
68.3	0.0211716
68.4	0.0209839
68.5	0.0207979
68.6	0.0206135
68.7	0.0204307
68.8	0.0202495
68.9	0.0200699
69	0.0198919
69.1	0.0197154
69.2	0.0195405
69.3	0.0193671
69.4	0.0191953
69.5	0.019025
69.6	0.0188561
69.7	0.0186888
69.8	0.0185229
69.9	0.0183585
70	0.0181955
70.1	0.0180339
70.2	0.0178738
70.3	0.0177151
70.4	0.0175578
70.5	0.0174018
70.6	0.0172473
70.7	0.0170941
70.8	0.0169422
70.9	0.0167917
71	0.0166425
71.1	0.0164946
71.2	0.0163481
71.3	0.0162028
71.4	0.0160588
71.5	0.0159161
71.6	0.0157746
71.7	0.0156344
71.8	0.0154954
71.9	0.0153576
72	0.0152211
72.1	0.0150857
72.2	0.0149516
72.3	0.0148186
72.4	0.0146868
72.5	0.0145562
72.6	0.0144267
72.7	0.0142984
72.8	0.0141712
72.9	0.0140451
73	0.0139202
73.1	0.0137963
73.2	0.0136736
73.3	0.0135519
73.4	0.0134313
73.5	0.0133118
73.6	0.0131933
73.7	0.0130758
73.8	0.0129595
73.9	0.0128441
74	0.0127297
74.1	0.0126164
74.2	0.0125041
74.3	0.0123928
74.4	0.0122824
74.5	0.012173
74.6	0.0120646
74.7	0.0119572
74.8	0.0118507
74.9	0.0117451
75	0.0116405
75.1	0.0115368
75.2	0.0114341
75.3	0.0113322
75.4	0.0112312
75.5	0.0111312
75.6	0.011032
75.7	0.0109337
75.8	0.0108363
75.9	0.0107397
76	0.010644
76.1	0.0105491
76.2	0.0104551
76.3	0.0103619
76.4	0.0102696
76.5	0.010178
76.6	0.0100873
76.7	0.00999736
76.8	0.00990823
76.9	0.00981989
77	0.00973234
77.1	0.00964556
77.2	0.00955956
77.3	0.00947431
77.4	0.00938983
77.5	0.00930609
77.6	0.0092231
77.7	0.00914084
77.8	0.00905932
77.9	0.00897851
78	0.00889843
78.1	0.00881905
78.2	0.00874038
78.3	0.00866241
78.4	0.00858514
78.5	0.00850854
78.6	0.00843263
78.7	0.0083574
78.8	0.00828283
78.9	0.00820892
79	0.00813567
79.1	0.00806308
79.2	0.00799112
79.3	0.00791981
79.4	0.00784913
79.5	0.00777908
79.6	0.00770965
79.7	0.00764084
79.8	0.00757264
79.9	0.00750505
80	0.00743806
80.1	0.00737166
80.2	0.00730586
80.3	0.00724064
80.4	0.007176
80.5	0.00711193
80.6	0.00704844
80.7	0.00698551
80.8	0.00692314
80.9	0.00686132
81	0.00680005
81.1	0.00673933
81.2	0.00667915
81.3	0.00661951
81.4	0.0065604
81.5	0.00650181
81.6	0.00644374
81.7	0.0063862
81.8	0.00632916
81.9	0.00627263
82	0.00621661
82.1	0.00616108
82.2	0.00610605
82.3	0.0060515
82.4	0.00599745
82.5	0.00594387
82.6	0.00589078
82.7	0.00583815
82.8	0.005786
82.9	0.0057343
83	0.00568307
83.1	0.0056323
83.2	0.00558198
83.3	0.0055321
83.4	0.00548267
83.5	0.00543368
83.6	0.00538513
83.7	0.00533701
83.8	0.00528932
83.9	0.00524206
84	0.00519521
84.1	0.00514878
84.2	0.00510277
84.3	0.00505717
84.4	0.00501197
84.5	0.00496718
84.6	0.00492278
84.7	0.00487878
84.8	0.00483518
84.9	0.00479196
85	0.00474913
85.1	0.00470668
85.2	0.00466461
85.3	0.00462291
85.4	0.00458159
85.5	0.00454063
85.6	0.00450004
85.7	0.00445981
85.8	0.00441994
85.9	0.00438043
86	0.00434127
86.1	0.00430245
86.2	0.00426399
86.3	0.00422586
86.4	0.00418808
86.5	0.00415064
86.6	0.00411352
86.7	0.00407674
86.8	0.00404029
86.9	0.00400416
87	0.00396836
87.1	0.00393287
87.2	0.00389771
87.3	0.00386285
87.4	0.00382831
87.5	0.00379407
87.6	0.00376014
87.7	0.00372652
87.8	0.00369319
87.9	0.00366016
88	0.00362743
88.1	0.00359499
88.2	0.00356283
88.3	0.00353097
88.4	0.00349939
88.5	0.00346809
88.6	0.00343707
88.7	0.00340633
88.8	0.00337586
88.9	0.00334566
89	0.00331574
89.1	0.00328608
89.2	0.00325669
89.3	0.00322755
89.4	0.00319868
89.5	0.00317007
89.6	0.00314171
89.7	0.00311361
89.8	0.00308575
89.9	0.00305815
90	0.00303079
90.1	0.00300368
90.2	0.0029768
90.3	0.00295017
90.4	0.00292378
90.5	0.00289762
90.6	0.0028717
90.7	0.002846
90.8	0.00282054
90.9	0.0027953
91	0.00277029
91.1	0.00274551
91.2	0.00272094
91.3	0.0026966
91.4	0.00267247
91.5	0.00264856
91.6	0.00262486
91.7	0.00260137
91.8	0.00257809
91.9	0.00255502
92	0.00253216
92.1	0.0025095
92.2	0.00248705
92.3	0.00246479
92.4	0.00244273
92.5	0.00242087
92.6	0.00239921
92.7	0.00237774
92.8	0.00235646
92.9	0.00233537
93	0.00231447
93.1	0.00229376
93.2	0.00227323
93.3	0.00225289
93.4	0.00223273
93.5	0.00221274
93.6	0.00219294
93.7	0.00217331
93.8	0.00215386
93.9	0.00213458
94	0.00211548
94.1	0.00209655
94.2	0.00207778
94.3	0.00205918
94.4	0.00204075
94.5	0.00202249
94.6	0.00200439
94.7	0.00198644
94.8	0.00196866
94.9	0.00195104
95	0.00193358
95.1	0.00191627
95.2	0.00189912
95.3	0.00188212
95.4	0.00186527
95.5	0.00184858
95.6	0.00183203
95.7	0.00181563
95.8	0.00179938
95.9	0.00178327
96	0.00176731
96.1	0.00175148
96.2	0.00173581
96.3	0.00172027
96.4	0.00170487
96.5	0.00168961
96.6	0.00167448
96.7	0.00165949
96.8	0.00164463
96.9	0.00162991
97	0.00161532
97.1	0.00160086
97.2	0.00158653
97.3	0.00157232
97.4	0.00155825
97.5	0.0015443
97.6	0.00153047
97.7	0.00151677
97.8	0.00150319
97.9	0.00148973
98	0.00147639
98.1	0.00146317
98.2	0.00145007
98.3	0.00143709
98.4	0.00142423
98.5	0.00141147
98.6	0.00139884
98.7	0.00138631
98.8	0.0013739
98.9	0.0013616
99	0.00134941
99.1	0.00133732
99.2	0.00132535
99.3	0.00131348
99.4	0.00130172
99.5	0.00129007
99.6	0.00127852
99.7	0.00126707
99.8	0.00125572
99.9	0.00124448
