season	day	pf_families	pf_non_breeders	bn_families	bn_non_breeders	gl_families	gl_non_breeders	snow_depth
1	577	0	0	0	0	90	330	0
1	578	0	0	0	0	177	660	0
1	579	0	0	0	0	269	990	0
1	580	0	0	0	0	365	1320	0
1	581	0	0	0	0	447	1650	0
1	582	0	0	0	0	532	1980	0
1	583	0	0	0	0	617	2310	0
1	584	0	0	0	0	714	2640	0
1	585	0	0	0	0	797	2970	0
1	586	0	0	0	0	883	3300	0
1	587	0	0	0	0	971	3630	0
1	588	0	0	0	0	1053	3960	0
1	589	0	0	0	0	1138	4290	0
1	590	0	0	0	0	1226	4620	0
1	591	0	0	0	0	1311	4950	0
1	592	0	0	0	0	1409	5280	0
1	593	0	0	0	0	1502	5610	0
1	594	0	0	0	0	1601	5940	0
1	595	0	0	0	0	1690	6270	0
1	596	0	0	0	0	1769	6600	0
1	597	0	0	0	0	1749	6547	0
1	598	0	0	0	0	1740	6485	0
1	599	0	0	0	0	1703	6444	0
1	600	0	0	0	0	1692	6386	0
1	601	0	0	0	0	1677	6343	0
1	602	0	0	0	0	1674	6286	0
1	603	0	0	0	0	1662	6241	0
1	604	0	0	0	0	1642	6194	0
1	605	0	0	0	0	1636	6127	0
1	606	0	0	0	0	1629	6074	0
1	607	0	0	0	0	1622	6017	0
1	608	0	0	0	0	1622	5971	0
1	609	0	0	0	0	1609	5924	0
1	610	0	0	0	0	1591	5873	0
1	611	0	0	0	0	1575	5817	0
1	612	0	0	0	0	1558	5765	0
1	613	0	0	0	0	1549	5714	0
1	614	0	0	0	0	1526	5667	0
1	615	0	0	0	0	1517	5614	0
1	616	0	0	0	0	1496	5563	0
1	617	0	0	0	0	1477	5503	0
1	618	0	0	0	0	1462	5453	0
1	619	0	0	0	0	1452	5412	0
1	620	0	0	0	0	1446	5369	0
1	621	0	0	0	0	1442	5327	0
1	622	0	0	0	0	1437	5273	0
1	623	163	619	0	0	1421	5237	0
1	624	335	1238	0	0	1415	5186	0
1	625	490	1857	0	0	1406	5144	0
1	626	649	2476	0	0	1386	5103	0
1	627	812	3095	0	0	1376	5072	0
1	628	976	3714	0	0	1366	5031	0
1	629	1140	4333	0	0	1346	4994	0
1	630	1311	4952	0	0	1327	4952	0
1	631	1481	5571	0	0	1317	4917	0
1	632	1655	6190	0	0	1300	4873	0
1	633	1821	6809	0	0	1297	4826	0
1	634	1980	7428	0	0	1275	4796	0
1	635	2142	8047	0	0	1258	4746	0
1	636	2313	8666	0	0	1249	4713	0
1	637	2477	9285	0	0	1243	4666	0
1	638	2639	9904	0	0	1235	4624	0
1	639	2526	9621	0	0	1216	4583	0
1	640	2441	9354	0	0	1209	4546	0
1	641	2386	9082	0	0	1203	4517	0
1	642	2345	8803	55	187	1195	4474	0
1	643	2269	8527	100	374	1188	4432	0
1	644	2211	8254	148	561	1182	4405	0
1	645	2160	8003	196	748	1177	4364	0
1	646	2114	7750	243	935	1160	4330	0
1	647	2052	7527	287	1122	1152	4298	0
1	648	1963	7299	333	1309	1148	4265	0
1	649	1905	7092	383	1496	1138	4225	0
1	650	1871	6892	431	1683	1128	4176	0
1	651	1803	6685	479	1870	1114	4145	0
1	652	1758	6500	533	2057	1106	4112	0
1	653	1720	6320	581	2244	1103	4070	0
1	654	1682	6133	629	2431	1099	4050	0
1	655	1636	5936	675	2618	1099	4015	0
1	656	1578	5752	719	2805	1095	3987	0
1	657	1521	5583	763	2992	1081	3948	0
1	658	1474	5410	810	3179	1081	3917	0
1	659	1433	5252	856	3366	1073	3887	0
1	660	1387	5070	906	3553	1069	3850	0
1	661	1357	4925	952	3740	1054	3815	0
1	662	1324	4784	1006	3927	1031	3787	0
1	663	1292	4632	1062	4114	1018	3753	0
1	664	1265	4502	1062	4114	1018	3716	0
1	665	1210	4386	1062	4114	1014	3689	0
1	666	1185	4263	1062	4114	1004	3653	0
1	667	1148	4131	1062	4114	989	3624	0
1	668	1109	3998	1062	4114	980	3597	0
1	669	1079	3883	1062	4114	973	3562	0
1	670	1079	3883	1062	4114	967	3536	0
1	671	1079	3883	1062	4114	961	3506	0
1	672	1077	3883	1062	4114	961	3480	0
1	673	1076	3883	1062	4114	951	3448	0
1	674	1076	3883	1062	4114	942	3421	0
1	675	1076	3883	1062	4114	933	3396	0
1	676	1078	3883	1062	4114	930	3371	0
1	677	1075	3883	1062	4114	910	3345	0
1	678	1072	3883	1062	4114	898	3315	0
1	679	1070	3883	1062	4114	895	3285	0
1	680	1072	3883	1062	4114	895	3260	0
1	681	1070	3883	1062	4114	881	3238	0
1	682	1072	3883	1062	4114	874	3214	0
1	683	1072	3883	1049	4090	867	3195	0
1	684	1069	3883	1038	4062	864	3164	0
1	685	1067	3883	1021	4021	857	3143	0
1	686	1066	3883	1008	3987	854	3121	0
1	687	1066	3883	996	3947	851	3100	0
1	688	1066	3883	988	3896	839	3072	0
1	689	1066	3883	988	3865	825	3049	0
1	690	1066	3883	976	3824	817	3025	0
1	691	1066	3883	964	3784	810	2994	0
1	692	1066	3883	956	3734	810	2969	0
1	693	1063	3883	956	3680	804	2936	0
1	694	1061	3883	937	3638	796	2902	0
1	695	1062	3883	937	3579	790	2880	0
1	696	1062	3883	915	3528	783	2852	0
1	697	1062	3883	900	3480	772	2823	0
1	698	1063	3883	888	3425	765	2787	0
1	699	1065	3883	888	3354	755	2752	0
1	700	1065	3883	861	3293	745	2739	0
1	701	1065	3883	856	3243	741	2722	0
1	702	1064	3883	851	3204	741	2705	0
1	703	1065	3883	846	3181	734	2686	0
1	704	1064	3883	846	3145	720	2668	0
1	705	1060	3883	835	3113	720	2644	0
1	706	1060	3883	823	3089	712	2615	0
1	707	1060	3883	809	3056	698	2597	0
1	708	1061	3883	799	3020	674	2574	0
1	709	1061	3880	788	2998	674	2546	0
1	710	1061	3873	781	2965	670	2515	0
1	711	1060	3854	765	2939	663	2496	0
1	712	1056	3830	762	2915	646	2486	0
1	713	1049	3812	759	2892	643	2467	0
1	714	1040	3799	759	2892	637	2452	0
1	715	1029	3784	759	2892	634	2439	0
1	716	1028	3764	759	2892	630	2416	0
1	717	1022	3741	759	2892	627	2396	0
1	718	1016	3721	759	2892	624	2378	0
1	719	1019	3702	759	2892	618	2358	0
1	720	1015	3695	759	2892	613	2336	0
1	721	1005	3680	759	2892	613	2318	0
1	722	1002	3660	759	2889	605	2303	0
1	723	997	3639	756	2881	605	2282	0
1	724	992	3634	750	2876	601	2266	0
1	725	990	3627	750	2862	601	2256	0
1	726	990	3614	742	2843	590	2248	0
1	727	990	3602	742	2833	590	2235	0
1	728	990	3595	735	2827	585	2224	0
1	729	990	3584	728	2818	582	2216	0
1	730	991	3580	728	2816	577	2210	0
1	731	989	3570	728	2801	577	2198	0
1	732	989	3562	728	2785	574	2192	0
1	733	989	3556	724	2775	571	2184	0
1	734	986	3550	724	2763	571	2180	0
1	735	986	3545	724	2750	571	2175	0
1	736	984	3543	724	2740	563	2166	0
1	737	1002	3615	721	2729	559	2156	0
1	738	1018	3689	721	2714	559	2152	0
1	739	1031	3762	721	2713	559	2147	0
1	740	1047	3831	718	2701	559	2141	0
1	741	1064	3897	707	2687	556	2131	0
1	742	1082	3963	701	2669	556	2110	0
1	743	1100	4033	701	2669	556	2102	0
1	744	1122	4100	701	2667	552	2089	0
1	745	1134	4168	725	2774	555	2106	0
1	746	1155	4234	754	2882	558	2118	0
1	747	1175	4301	781	2981	563	2132	0
1	748	1191	4362	800	3080	566	2151	0
1	749	1211	4424	821	3173	569	2167	0
1	750	1228	4489	842	3266	572	2176	0
1	751	1240	4562	866	3362	569	2199	0
1	752	1257	4635	890	3452	565	2220	0
1	753	1273	4707	914	3538	561	2239	0
1	754	1290	4780	939	3639	564	2260	0
1	755	1296	4852	966	3734	568	2274	0
1	756	1310	4925	990	3831	571	2296	0
1	757	1330	5002	1019	3935	574	2323	0
1	758	1350	5079	1043	4041	577	2346	0
1	759	1366	5156	1069	4148	580	2372	0
1	760	1386	5233	1093	4250	584	2399	0
1	761	1404	5310	1116	4355	588	2424	0
1	762	1420	5386	1140	4457	595	2449	0
1	763	1437	5463	1165	4553	599	2473	0
1	764	1454	5539	1187	4650	603	2499	0
1	765	1472	5615	1215	4744	607	2524	0
1	766	1492	5690	1235	4843	610	2550	0
1	767	1507	5767	1258	4937	613	2576	0
1	768	1520	5842	1271	5027	617	2601	0
1	769	1541	5919	1288	5121	621	2625	0
1	770	1557	5993	1307	5200	622	2646	0
1	771	1575	6067	1314	5287	625	2668	0
1	772	1593	6143	1325	5369	628	2690	0
1	773	1614	6217	1346	5457	634	2714	0
1	774	1629	6294	1366	5533	638	2738	0
1	775	1648	6367	1389	5625	638	2765	0
1	776	1671	6443	1400	5714	643	2787	0
1	777	1691	6519	1422	5796	647	2813	0
1	778	1708	6596	1446	5887	647	2837	0
1	779	1729	6671	1466	5983	652	2862	0
1	780	1744	6747	1494	6067	656	2887	0
1	781	1754	6824	1515	6150	662	2911	0
1	782	1770	6901	1531	6217	662	2934	0
1	783	1782	6976	1558	6301	666	2956	0
1	784	1799	7051	1579	6381	669	2980	0
1	785	1821	7125	1595	6464	672	3003	0
1	786	1837	7202	1623	6558	675	3027	0
1	787	1855	7279	1651	6649	678	3046	0
1	788	1874	7351	1665	6738	684	3062	0
1	789	1898	7424	1690	6831	684	3085	0
1	790	1897	7422	1711	6929	687	3101	0
1	791	1897	7420	1732	7027	692	3118	0
1	792	1897	7419	1761	7122	696	3126	0
1	793	1897	7418	1791	7227	697	3128	0
1	794	1898	7416	1817	7324	701	3143	0
1	795	1898	7415	1840	7423	701	3160	0
1	796	1896	7412	1868	7520	702	3178	0
1	797	1896	7411	1898	7616	706	3193	0
1	798	1897	7410	1917	7713	710	3201	0
1	799	1896	7404	1944	7807	707	3218	0
1	800	1896	7400	1974	7898	699	3221	0
1	801	1896	7398	1995	7997	702	3234	0
1	802	1897	7398	2024	8097	702	3246	0
1	803	1899	7396	2043	8191	702	3257	0
1	804	1899	7394	2073	8287	698	3269	0
1	805	1896	7394	2093	8387	702	3285	0
1	806	1898	7392	2090	8375	632	2956	0
1	807	1899	7389	2086	8370	556	2653	0
1	808	1826	7107	2083	8354	515	2359	0
1	809	1748	6850	2077	8342	445	2063	0
1	810	1637	6559	2073	8329	408	1754	0
1	811	1568	6293	2073	8323	337	1445	0
1	812	1484	6029	2068	8312	284	1155	0
1	813	1426	5767	2068	8299	192	870	0
1	814	1363	5467	2059	8287	125	607	0
1	815	1293	5225	2053	8280	67	294	0
1	816	1208	4955	2050	8275	0	0	0
1	817	1150	4671	2050	8264	0	0	0
1	818	1071	4380	2050	8258	0	0	0
1	819	1031	4130	2050	8256	0	0	0
1	820	973	3856	2015	8052	0	0	0
1	821	873	3583	1971	7878	0	0	0
1	822	786	3314	1937	7691	0	0	0
1	823	716	3083	1901	7503	0	0	0
1	824	654	2809	1866	7307	0	0	0
1	825	595	2522	1817	7122	0	0	0
1	826	531	2217	1783	6931	0	0	0
1	827	457	1933	1736	6730	0	0	0
1	828	380	1673	1685	6549	0	0	0
1	829	343	1382	1621	6387	0	0	0
1	830	288	1102	1581	6188	0	0	0
1	831	220	838	1535	6004	0	0	0
1	832	138	538	1485	5835	0	0	0
1	833	96	286	1435	5679	0	0	0
1	834	0	1	1378	5500	0	0	0
1	835	0	1	1336	5329	0	0	0
1	836	0	1	1290	5140	0	0	0
1	837	0	1	1243	4955	0	0	0
1	838	0	1	1184	4754	0	0	0
1	839	0	1	1146	4550	0	0	0
1	840	0	1	1110	4371	0	0	0
1	841	0	1	1078	4192	0	0	0
1	842	0	1	1017	4020	0	0	0
1	843	0	1	976	3836	0	0	0
1	844	0	1	936	3643	0	0	0
1	845	0	1	874	3465	0	0	0
1	846	0	1	816	3300	0	0	0
1	847	0	1	782	3099	0	0	0
1	848	0	1	729	2921	0	0	0
1	849	0	1	641	2752	0	0	0
1	850	0	1	601	2545	0	0	0
1	851	0	1	562	2358	0	0	0
1	852	0	1	542	2188	0	0	0
1	853	0	1	497	2012	0	0	0
1	854	0	1	467	1801	0	0	0
1	855	0	1	423	1628	0	0	0
