season	day	species	foraging_time	foraging_time_se	flight_distance	flight_distance_se	daily_energy_budget	daily_energy_budget_se	daily_energy_balance	daily_energy_balance_se	day_length
1	577	pinkfoot	-1	-1	-1	-1	-1	-1	-1	-1	959
1	577	barnacle	-1	-1	-1	-1	-1	-1	-1	-1	959
1	577	greylag	0	0	0	0	1506	0	-1506	0	959
1	578	pinkfoot	-1	-1	-1	-1	-1	-1	-1	-1	955
1	578	barnacle	-1	-1	-1	-1	-1	-1	-1	-1	955
1	578	greylag	335.458	13.4728	10225	457.332	1505	0.0376622	-339.875	44.0621	955
1	579	pinkfoot	-1	-1	-1	-1	-1	-1	-1	-1	951
1	579	barnacle	-1	-1	-1	-1	-1	-1	-1	-1	951
1	579	greylag	430.768	10.4946	13189.5	388.998	1503.33	0.0289855	54.8952	34.0562	951
1	580	pinkfoot	-1	-1	-1	-1	-1	-1	-1	-1	947
1	580	barnacle	-1	-1	-1	-1	-1	-1	-1	-1	947
1	580	greylag	494.307	8.72168	15011.7	326.28	1501.5	0.0230551	253.016	27.1506	947
1	581	pinkfoot	-1	-1	-1	-1	-1	-1	-1	-1	943
1	581	barnacle	-1	-1	-1	-1	-1	-1	-1	-1	943
1	581	greylag	510.375	7.23118	17074.8	302.918	1499.6	0.0190476	373.874	22.4862	943
1	582	pinkfoot	-1	-1	-1	-1	-1	-1	-1	-1	939
1	582	barnacle	-1	-1	-1	-1	-1	-1	-1	-1	939
1	582	greylag	546.046	6.40905	18013	277.984	1497.67	0.0161996	448.882	19.1331	939
1	583	pinkfoot	-1	-1	-1	-1	-1	-1	-1	-1	935
1	583	barnacle	-1	-1	-1	-1	-1	-1	-1	-1	935
1	583	greylag	566.2	5.7604	17805	239.914	1495.71	0.0140818	499.732	16.6411	935
1	584	pinkfoot	-1	-1	-1	-1	-1	-1	-1	-1	931
1	584	barnacle	-1	-1	-1	-1	-1	-1	-1	-1	931
1	584	greylag	566.256	5.12607	18083.6	223.065	1493.75	0.012449	551.775	14.7542	931
1	585	pinkfoot	-1	-1	-1	-1	-1	-1	-1	-1	927
1	585	barnacle	-1	-1	-1	-1	-1	-1	-1	-1	927
1	585	greylag	562.242	4.62503	18474.3	201.095	1491.78	0.011153	592.651	13.2591	927
1	586	pinkfoot	-1	-1	-1	-1	-1	-1	-1	-1	923
1	586	barnacle	-1	-1	-1	-1	-1	-1	-1	-1	923
1	586	greylag	578.815	4.31806	18823.3	189.831	1489.8	0.0101001	611.04	12.0246	923
1	587	pinkfoot	-1	-1	-1	-1	-1	-1	-1	-1	919
1	587	barnacle	-1	-1	-1	-1	-1	-1	-1	-1	919
1	587	greylag	571.033	3.96601	19526.1	186.032	1487.82	0.00922804	640.14	10.9871	919
1	588	pinkfoot	-1	-1	-1	-1	-1	-1	-1	-1	914
1	588	barnacle	-1	-1	-1	-1	-1	-1	-1	-1	914
1	588	greylag	574.115	3.71418	19420.5	170.789	1485.83	0.00849412	659.917	10.125	914
1	589	pinkfoot	-1	-1	-1	-1	-1	-1	-1	-1	910
1	589	barnacle	-1	-1	-1	-1	-1	-1	-1	-1	910
1	589	greylag	552.178	3.43323	20369.8	174.5	1483.85	0.00786802	687.567	9.39148	910
1	590	pinkfoot	-1	-1	-1	-1	-1	-1	-1	-1	906
1	590	barnacle	-1	-1	-1	-1	-1	-1	-1	-1	906
1	590	greylag	535.465	3.19022	20063.4	170.24	1481.86	0.00732768	708.775	8.76265	906
1	591	pinkfoot	-1	-1	-1	-1	-1	-1	-1	-1	902
1	591	barnacle	-1	-1	-1	-1	-1	-1	-1	-1	902
1	591	greylag	522.221	2.97001	21859.1	173.044	1479.87	0.00685663	725.435	8.18751	902
1	592	pinkfoot	-1	-1	-1	-1	-1	-1	-1	-1	897
1	592	barnacle	-1	-1	-1	-1	-1	-1	-1	-1	897
1	592	greylag	509.918	2.77981	20770.9	162.348	1477.88	0.00644239	747.096	7.70237	897
1	593	pinkfoot	-1	-1	-1	-1	-1	-1	-1	-1	893
1	593	barnacle	-1	-1	-1	-1	-1	-1	-1	-1	893
1	593	greylag	503.665	2.65151	20998.7	151.062	1475.88	0.00607527	755.324	7.2734	893
1	594	pinkfoot	-1	-1	-1	-1	-1	-1	-1	-1	889
1	594	barnacle	-1	-1	-1	-1	-1	-1	-1	-1	889
1	594	greylag	501.391	2.52525	20424.8	142.454	1473.89	0.00574768	769.673	6.88737	889
1	595	pinkfoot	-1	-1	-1	-1	-1	-1	-1	-1	884
1	595	barnacle	-1	-1	-1	-1	-1	-1	-1	-1	884
1	595	greylag	496.784	2.44354	21635.1	144.38	1471.84	0.00818035	776.133	6.52192	884
1	596	pinkfoot	-1	-1	-1	-1	-1	-1	-1	-1	880
1	596	barnacle	-1	-1	-1	-1	-1	-1	-1	-1	880
1	596	greylag	510.202	2.37514	20862.1	138.934	1468.9	0.00518806	782.601	6.21493	880
1	597	pinkfoot	-1	-1	-1	-1	-1	-1	-1	-1	875
1	597	barnacle	-1	-1	-1	-1	-1	-1	-1	-1	875
1	597	greylag	523.756	1.952	22057.6	131.766	1467	0	906.119	0.946934	875
1	598	pinkfoot	-1	-1	-1	-1	-1	-1	-1	-1	871
1	598	barnacle	-1	-1	-1	-1	-1	-1	-1	-1	871
1	598	greylag	572.079	2.06531	20853	126.49	1465	0	888.292	1.55406	871
1	599	pinkfoot	-1	-1	-1	-1	-1	-1	-1	-1	866
1	599	barnacle	-1	-1	-1	-1	-1	-1	-1	-1	866
1	599	greylag	572.115	2.04996	21579.9	132.765	1463	0	888.757	1.54362	866
1	600	pinkfoot	-1	-1	-1	-1	-1	-1	-1	-1	862
1	600	barnacle	-1	-1	-1	-1	-1	-1	-1	-1	862
1	600	greylag	568.66	2.05433	21409.7	128.186	1461	0	889.397	1.57086	862
1	601	pinkfoot	-1	-1	-1	-1	-1	-1	-1	-1	857
1	601	barnacle	-1	-1	-1	-1	-1	-1	-1	-1	857
1	601	greylag	568.582	2.06811	21986.3	134.067	1459	0	890.634	1.63715	857
1	602	pinkfoot	-1	-1	-1	-1	-1	-1	-1	-1	853
1	602	barnacle	-1	-1	-1	-1	-1	-1	-1	-1	853
1	602	greylag	572.322	2.05647	21979.9	134.281	1456	0	886.02	1.79344	853
1	603	pinkfoot	-1	-1	-1	-1	-1	-1	-1	-1	848
1	603	barnacle	-1	-1	-1	-1	-1	-1	-1	-1	848
1	603	greylag	575.301	2.03658	21594.8	131.154	1454	0	887.28	1.79436	848
1	604	pinkfoot	-1	-1	-1	-1	-1	-1	-1	-1	844
1	604	barnacle	-1	-1	-1	-1	-1	-1	-1	-1	844
1	604	greylag	578.429	2.02191	20847	131.066	1452	0	889.461	1.85209	844
1	605	pinkfoot	-1	-1	-1	-1	-1	-1	-1	-1	839
1	605	barnacle	-1	-1	-1	-1	-1	-1	-1	-1	839
1	605	greylag	573.458	2.02794	21288.8	131.903	1450	0	891.902	1.80059	839
1	606	pinkfoot	-1	-1	-1	-1	-1	-1	-1	-1	835
1	606	barnacle	-1	-1	-1	-1	-1	-1	-1	-1	835
1	606	greylag	572.932	2.0248	21264.7	131.617	1447	0	888.931	1.96453	835
1	607	pinkfoot	-1	-1	-1	-1	-1	-1	-1	-1	830
1	607	barnacle	-1	-1	-1	-1	-1	-1	-1	-1	830
1	607	greylag	585.902	2.01744	21315.2	130.15	1445	0	879.179	2.20114	830
1	608	pinkfoot	-1	-1	-1	-1	-1	-1	-1	-1	826
1	608	barnacle	-1	-1	-1	-1	-1	-1	-1	-1	826
1	608	greylag	573.1	2.01521	22215	137.67	1443	0	888.488	2.01848	826
1	609	pinkfoot	-1	-1	-1	-1	-1	-1	-1	-1	821
1	609	barnacle	-1	-1	-1	-1	-1	-1	-1	-1	821
1	609	greylag	581.198	2.00277	21864.7	136.035	1441	0	882.593	2.20967	821
1	610	pinkfoot	-1	-1	-1	-1	-1	-1	-1	-1	817
1	610	barnacle	-1	-1	-1	-1	-1	-1	-1	-1	817
1	610	greylag	578.024	1.99235	21125.9	132.612	1439	0	891.041	2.14389	817
1	611	pinkfoot	-1	-1	-1	-1	-1	-1	-1	-1	812
1	611	barnacle	-1	-1	-1	-1	-1	-1	-1	-1	812
1	611	greylag	579.623	1.99179	21164.5	132.611	1437	0	885.375	2.26418	812
1	612	pinkfoot	-1	-1	-1	-1	-1	-1	-1	-1	808
1	612	barnacle	-1	-1	-1	-1	-1	-1	-1	-1	808
1	612	greylag	579.052	1.98849	21597.6	137.614	1434	0	888.807	2.24899	808
1	613	pinkfoot	-1	-1	-1	-1	-1	-1	-1	-1	803
1	613	barnacle	-1	-1	-1	-1	-1	-1	-1	-1	803
1	613	greylag	575.633	1.96296	21340.7	135.461	1432	0	889.729	2.30118	803
1	614	pinkfoot	-1	-1	-1	-1	-1	-1	-1	-1	798
1	614	barnacle	-1	-1	-1	-1	-1	-1	-1	-1	798
1	614	greylag	575.467	1.99323	21833.9	140.06	1430	0	887.983	2.39068	798
1	615	pinkfoot	-1	-1	-1	-1	-1	-1	-1	-1	794
1	615	barnacle	-1	-1	-1	-1	-1	-1	-1	-1	794
1	615	greylag	570.916	1.98685	22500.5	140.542	1427	0	885.655	2.50112	794
1	616	pinkfoot	-1	-1	-1	-1	-1	-1	-1	-1	789
1	616	barnacle	-1	-1	-1	-1	-1	-1	-1	-1	789
1	616	greylag	575.189	1.97348	21715	142.924	1425	0	883.156	2.55088	789
1	617	pinkfoot	-1	-1	-1	-1	-1	-1	-1	-1	785
1	617	barnacle	-1	-1	-1	-1	-1	-1	-1	-1	785
1	617	greylag	566.905	1.97499	22655.3	142.473	1423	0	887.86	2.48472	785
1	618	pinkfoot	-1	-1	-1	-1	-1	-1	-1	-1	780
1	618	barnacle	-1	-1	-1	-1	-1	-1	-1	-1	780
1	618	greylag	561.63	2.06358	21500.1	141.381	1421	0	890.773	2.60589	780
1	619	pinkfoot	-1	-1	-1	-1	-1	-1	-1	-1	775
1	619	barnacle	-1	-1	-1	-1	-1	-1	-1	-1	775
1	619	greylag	581.004	1.95682	21383.4	141.705	1419	0	869.25	2.98843	775
1	620	pinkfoot	-1	-1	-1	-1	-1	-1	-1	-1	771
1	620	barnacle	-1	-1	-1	-1	-1	-1	-1	-1	771
1	620	greylag	568.797	2.05005	21419.7	144.736	1416	0	880.729	2.82677	771
1	621	pinkfoot	-1	-1	-1	-1	-1	-1	-1	-1	766
1	621	barnacle	-1	-1	-1	-1	-1	-1	-1	-1	766
1	621	greylag	579.362	1.95699	21182.3	144.067	1414	0	872.403	2.97236	766
1	622	pinkfoot	-1	-1	-1	-1	-1	-1	-1	-1	762
1	622	barnacle	-1	-1	-1	-1	-1	-1	-1	-1	762
1	622	greylag	574.527	2.00344	21872.8	142.198	1412	0	873.968	3.0651	762
1	623	pinkfoot	0	0	0	0	1217	0	-1217	0	757
1	623	barnacle	-1	-1	-1	-1	-1	-1	-1	-1	757
1	623	greylag	562.98	2.09765	22317.9	145.296	1410	0	882.981	2.90888	757
1	624	pinkfoot	258.296	7.67684	9382.88	378.992	1215.5	0.0411615	-194.685	28.1514	752
1	624	barnacle	-1	-1	-1	-1	-1	-1	-1	-1	752
1	624	greylag	552.869	2.01144	21327.5	144.243	1407	0	895.054	2.77239	752
1	625	pinkfoot	259.572	4.71481	9998.78	234.788	1213.66	0.0105726	178.785	22.1447	748
1	625	barnacle	-1	-1	-1	-1	-1	-1	-1	-1	748
1	625	greylag	539.078	2.0744	22172.3	144.789	1405	0	909.041	2.55175	748
1	626	pinkfoot	233.734	3.69384	14742.5	253.932	1212.5	0.0168387	363.238	17.7436	743
1	626	barnacle	-1	-1	-1	-1	-1	-1	-1	-1	743
1	626	greylag	522.486	2.11238	23215.9	144.209	1403	0	915.142	2.45022	743
1	627	pinkfoot	372.822	4.32395	11556.6	206.89	1210.39	0.0209132	433.247	14.4742	738
1	627	barnacle	-1	-1	-1	-1	-1	-1	-1	-1	738
1	627	greylag	528.543	2.0432	22689.8	147.73	1400	0	915.063	2.5385	738
1	628	pinkfoot	141.98	1.21938	20610.7	219.612	1207.83	0.00594669	557.037	12.6815	734
1	628	barnacle	-1	-1	-1	-1	-1	-1	-1	-1	734
1	628	greylag	526.949	2.0503	23468	142.797	1398	0	910.605	2.63555	734
1	629	pinkfoot	315.601	3.02222	20260.5	185.799	1232.71	0.0103396	550.008	10.8099	729
1	629	barnacle	-1	-1	-1	-1	-1	-1	-1	-1	729
1	629	greylag	527.406	2.07024	22723.4	146.492	1392	0	917.654	2.62861	729
1	630	pinkfoot	279.214	2.49671	19233	174.125	1229.75	0.00914632	603.478	9.62754	725
1	630	barnacle	-1	-1	-1	-1	-1	-1	-1	-1	725
1	630	greylag	526.715	2.03315	23651.2	146.254	1389	0	914.064	2.70736	725
1	631	pinkfoot	165.485	1.30745	21774.6	169.848	1224.77	0.00824159	654.554	8.782	720
1	631	barnacle	-1	-1	-1	-1	-1	-1	-1	-1	720
1	631	greylag	528.52	1.99894	22821.6	151.921	1384	0	916.423	2.79825	720
1	632	pinkfoot	204.263	1.73975	21146.5	158.966	1221.69	0.0111802	677.828	7.92073	715
1	632	barnacle	-1	-1	-1	-1	-1	-1	-1	-1	715
1	632	greylag	528.233	1.98052	24089.6	145.912	1380	0	911.755	2.9722	715
1	633	pinkfoot	155.332	0.781217	22659.5	151.065	1218.9	0.00342603	704.371	7.31805	711
1	633	barnacle	-1	-1	-1	-1	-1	-1	-1	-1	711
1	633	greylag	528.363	1.98781	23348.5	147.711	1377	0	914.533	2.99019	711
1	634	pinkfoot	170.584	1.04607	22867.7	144.894	1217.83	0.00627696	723.041	6.70066	706
1	634	barnacle	-1	-1	-1	-1	-1	-1	-1	-1	706
1	634	greylag	526.551	1.97101	23203.8	147.837	1375	0	917.5	3.02774	706
1	635	pinkfoot	225.222	1.63479	20721.4	141.6	1215.76	0.00876772	715.926	6.22258	701
1	635	barnacle	-1	-1	-1	-1	-1	-1	-1	-1	701
1	635	greylag	531.382	1.92815	22134.8	147.653	1373	0	908.715	3.23973	701
1	636	pinkfoot	426.935	1.85564	25548.5	143.73	1212.93	0.00272295	679.29	5.64086	697
1	636	barnacle	-1	-1	-1	-1	-1	-1	-1	-1	697
1	636	greylag	527.434	1.929	22434.3	146.919	1371	0	913.85	3.21415	697
1	637	pinkfoot	462.745	1.77746	18324.8	138.898	1211.86	0.00508596	682.958	5.31498	692
1	637	barnacle	-1	-1	-1	-1	-1	-1	-1	-1	692
1	637	greylag	526.787	1.92552	21865.7	151.25	1369	0	905.316	3.47526	692
1	638	pinkfoot	392.687	1.62475	27936.9	144.948	1209.8	0.00717829	706.14	4.96922	687
1	638	barnacle	-1	-1	-1	-1	-1	-1	-1	-1	687
1	638	greylag	533.853	1.87616	22233.6	146.947	1366	0	899.337	3.58013	687
1	639	pinkfoot	465.815	1.26812	19029.8	130.88	1207	0.000547069	837.857	1.59747	683
1	639	barnacle	-1	-1	-1	-1	-1	-1	-1	-1	683
1	639	greylag	534.511	1.88219	22433.3	157.104	1364	0	887.455	3.84507	683
1	640	pinkfoot	494.901	1.25343	16449.3	116.94	1205.99	0.00115925	821.038	1.81037	678
1	640	barnacle	-1	-1	-1	-1	-1	-1	-1	-1	678
1	640	greylag	537.719	1.80703	21445	146.694	1362	0	888.807	3.86265	678
1	641	pinkfoot	460.275	1.31042	12255.2	94.2623	1203.99	0.00160719	843.723	1.75536	673
1	641	barnacle	-1	-1	-1	-1	-1	-1	-1	-1	673
1	641	greylag	535.91	1.8166	21602.2	155.379	1359	0	882.249	4.03277	673
1	642	pinkfoot	481.841	1.27844	11857.4	62.8496	1183.99	0.0011583	860.842	1.69927	669
1	642	barnacle	0	0	0	0	976	0	-976	0	669
1	642	greylag	520.294	1.88007	21970.8	152.495	1357	0	896.746	3.91786	669
1	643	pinkfoot	480.501	1.28452	11898.6	61.8037	1213.99	0.00113707	826.35	1.7635	664
1	643	barnacle	262.94	13.7659	8186.14	533.77	1006.5	0.0250313	-207.53	40.4264	664
1	643	greylag	530.25	1.77838	21645.4	157.43	1369	0	871.154	4.15938	664
1	644	pinkfoot	478.332	1.28994	16295.6	117.975	1214	0.000545374	818.827	1.76918	660
1	644	barnacle	393.193	11.7599	13337.8	519.135	1007.67	0.0192611	-28.5717	29.8085	660
1	644	greylag	531.085	1.77017	21594.2	150.201	1369	0	863.034	4.21285	660
1	645	pinkfoot	474.086	1.31416	30694.3	139.27	1171.99	0.0012727	828.167	1.99077	655
1	645	barnacle	384.74	8.57417	12301.5	414.432	966.5	0.0306378	235.084	25.0504	655
1	645	greylag	521.538	1.80402	23208.1	163.396	1367	0	865.782	4.2175	655
1	646	pinkfoot	480.508	1.29953	23167.4	139.439	1167.99	0.0011609	838.227	2.12636	650
1	646	barnacle	453.981	7.72154	19701.4	504.285	962.6	0.0253109	193.303	19.8387	650
1	646	greylag	521.167	1.79263	22677.4	158.762	1365	0	864.631	4.25673	650
1	647	pinkfoot	464.16	1.32765	19480.6	106.319	1215.99	0.00117418	807.492	1.99881	646
1	647	barnacle	417.14	6.19405	20644.9	412.654	1010.83	0.0107628	312.36	17.7007	646
1	647	greylag	517.35	1.83323	21265.5	154.899	1370	0	856.922	4.48375	646
1	648	pinkfoot	452.448	1.35882	17167.2	116.638	1187.99	0.00181342	855.33	1.78045	641
1	648	barnacle	433.32	5.46477	14696.5	272.597	982.714	0.0187111	389.215	15.5338	641
1	648	greylag	514.501	1.8194	22047.6	151.21	1341	0	887.939	4.38162	641
1	649	pinkfoot	476.495	1.32767	21003.4	129.633	1191.99	0.00119493	814.036	2.2413	637
1	649	barnacle	453.367	5.0356	22997.8	373.399	987.875	0.00827056	372.881	13.78	637
1	649	greylag	518.579	1.76561	22786.5	160.104	1346	0	876.728	4.43804	637
1	650	pinkfoot	477.115	1.31739	17854.5	98.729	1239	0.00114362	769.624	2.2122	632
1	650	barnacle	470.378	4.49931	20928.1	329.16	1034.78	0.0148189	337.256	12.4158	632
1	650	greylag	512.359	1.77326	21542.7	158.214	1392	0	827.686	4.56039	632
1	651	pinkfoot	480.9	1.31817	17365.1	110.914	1269.99	0.00134734	731.652	2.43524	627
1	651	barnacle	466.651	4.12012	19995.3	301.336	1065.9	0.00670988	340.975	11.3359	627
1	651	greylag	516.882	1.70906	21607.4	155.92	1422	0	787.254	4.69288	627
1	652	pinkfoot	481.284	1.32196	16869.1	105.576	1258.99	0.00144337	728.689	2.74087	623
1	652	barnacle	475.524	3.84006	18316.3	260.06	1055.82	0.012261	342.951	10.5225	623
1	652	greylag	521.032	1.64901	21439.1	151.288	1411	0	770.387	5.10001	623
1	653	pinkfoot	464.138	1.37053	14570.9	112.413	1217.99	0.00218513	802.579	2.35209	618
1	653	barnacle	485.211	3.51848	18395.5	274.571	1014.83	0.0112857	382.049	9.77948	618
1	653	greylag	516.626	1.67416	21091.4	160.077	1370	0	818.025	5.06861	618
1	654	pinkfoot	481.627	1.32338	15726.6	87.5651	1219.99	0.00155323	761.032	2.88124	614
1	654	barnacle	499.53	3.28671	15588.9	228.319	1017.92	0.0052269	361.789	9.24555	614
1	654	greylag	513.775	1.6572	20731.1	164.941	1372	0	813.17	5.12932	614
1	655	pinkfoot	459.19	1.37355	27676.4	145.571	1169.99	0.00181914	816.793	2.55058	609
1	655	barnacle	477.496	3.07794	17758.9	227.501	967.857	0.00973581	462.3	8.60389	609
1	655	greylag	515.797	1.5968	21553	163.451	1321	0	853.258	5.30969	609
1	656	pinkfoot	496.526	1.26172	21005.2	147.417	1166.99	0.00139918	763.919	3.43704	604
1	656	barnacle	491.47	2.82822	17826.1	238.508	929.867	0.00910992	473.97	8.25381	604
1	656	greylag	508.856	1.64397	21028.2	157.888	1319	0	845.172	5.4833	604
1	657	pinkfoot	453.238	1.42573	19417.2	152.575	1165	0.000704068	841.106	2.58921	600
1	657	barnacle	476.817	2.75512	18901.9	222.958	923.938	0.00427975	508.733	7.7642	600
1	657	greylag	513.219	1.56857	21930	167.98	1316	0	842.392	5.49264	600
1	658	pinkfoot	469.5	1.34902	18300.8	135.634	1163.99	0.00211902	814.236	3.01427	595
1	658	barnacle	480.942	2.53081	18859.8	236.148	922.882	0.00807171	512.124	7.38022	595
1	658	greylag	505.978	1.62441	20902.8	160.754	1314	0	839.142	5.73623	595
1	659	pinkfoot	469.95	1.34146	16837	133.469	1147	0.000804872	826.061	3.23259	591
1	659	barnacle	475.671	2.54838	17351.6	190.757	946.944	0.00381822	486.835	7.08063	591
1	659	greylag	508.423	1.55103	20965.9	162.976	1312	0	835.433	5.73995	591
1	660	pinkfoot	471.854	1.32897	17191.3	153.218	1197.99	0.00154215	772.377	3.25855	586
1	660	barnacle	465.158	2.37574	19011.5	205.619	997.947	0.00362283	470.338	6.60481	586
1	660	greylag	502.393	1.6278	21394.7	166.131	1349	0	798.946	5.77458	586
1	661	pinkfoot	451.969	1.4041	15524.9	117.781	1222.99	0.00137296	770.788	2.99944	582
1	661	barnacle	478.325	2.17184	21119.7	195.882	1022.95	0.00344644	411.861	6.52708	582
1	661	greylag	502.953	1.56748	21087.2	167.867	1373	0	756.614	6.01104	582
1	662	pinkfoot	448.54	1.43576	17627.8	153.954	1204.99	0.00176646	773.323	3.43116	577
1	662	barnacle	481.996	2.08366	19587.8	184.802	1005.9	0.00657284	424.477	6.30444	577
1	662	greylag	501.158	1.52021	21643.1	166.371	1355	0	779.418	5.91964	577
1	663	pinkfoot	434.988	1.51263	17158.5	153.402	1233	0.000867277	769.524	3.08238	573
1	663	barnacle	476.115	1.98885	20144.4	183.675	1033.95	0.00314058	401.102	6.1071	573
1	663	greylag	501.466	1.49521	21365.7	173.187	1383	0	721.517	6.32168	573
1	664	pinkfoot	429.612	1.46586	22766.7	164.655	1310.99	0.00160336	694.49	2.84711	568
1	664	barnacle	508.476	1.11883	18672.5	177.561	1113	0	345.937	4.58835	568
1	664	greylag	503.359	1.41947	21426.1	174.773	1460	0	641.716	6.45476	568
1	665	pinkfoot	507.061	1.39427	25520.7	191.515	1340.99	0.00169849	445.222	5.10447	564
1	665	barnacle	484.382	1.2873	24746	195.854	1143	0	378.564	3.72165	564
1	665	greylag	499.468	1.425	22237	186.153	1489	0	597.071	6.6613	564
1	666	pinkfoot	346.471	2.17559	19319.4	205.556	1306.99	0.00174559	723.497	3.1132	560
1	666	barnacle	507.923	1.06244	23505.4	203.628	1109	0	308.833	5.00991	560
1	666	greylag	484.733	1.69712	21630.4	179.898	1456	0	658.336	6.4131	560
1	667	pinkfoot	300.328	2.42207	23291.3	182.362	1213.99	0.00217106	820.613	3.64768	555
1	667	barnacle	509.074	0.952079	20774.4	196.65	1017	0	412.278	4.63706	555
1	667	greylag	494.276	1.44299	20573	176.073	1362	0	707.231	6.78238	555
1	668	pinkfoot	170.159	0.713395	23689.5	196.121	1262.99	0.00185182	858.523	2.23325	551
1	668	barnacle	478.13	1.32565	19503.7	202.44	1066	0	433.31	4.08129	551
1	668	greylag	486.213	1.50611	22062.5	183.217	1411	0	680.779	6.63037	551
1	669	pinkfoot	170.893	0.723705	25475.3	203.564	1197.99	0.00241597	921.792	2.0411	546
1	669	barnacle	459.797	1.72348	24302.7	204.458	1001	0	501.876	3.99639	546
1	669	greylag	483.954	1.51051	22748.2	179.697	1345	0	733.323	6.75923	546
1	670	pinkfoot	358.783	2.32738	17961.8	178.669	1209	0.000984969	774.618	4.32702	542
1	670	barnacle	466.798	1.5602	20585.8	185.654	1013	0	468.601	4.21429	542
1	670	greylag	489.633	1.30136	19934.1	176.93	1357	0	700.658	7.01891	542
1	671	pinkfoot	368.83	2.21262	18704.9	187.289	1223	0.000677873	762.485	4.03963	538
1	671	barnacle	474.849	1.45641	23039.4	182.56	1027	0	402.636	4.86198	538
1	671	greylag	487.66	1.29285	21451.3	173.577	1370	0	683.9	7.11527	538
1	672	pinkfoot	406.677	1.91785	14986.8	172.54	1230	0.00151468	726.924	4.29301	534
1	672	barnacle	463.041	1.47431	23310.5	184.001	1034	0	439.184	4.18523	534
1	672	greylag	489.371	1.18006	21098.7	182.985	1377	0	651.384	7.28722	534
1	673	pinkfoot	432.439	1.3518	28163.3	225.887	1249.99	0.00165806	682.499	4.14005	529
1	673	barnacle	477.742	1.14843	18084.8	173.298	1054	0	399.574	4.51388	529
1	673	greylag	479.874	1.32253	21507.3	190.558	1396	0	641.352	7.27135	529
1	674	pinkfoot	421.951	1.4449	19232.4	167.325	1288	0.00117496	661.845	4.03619	525
1	674	barnacle	481.432	0.999604	19520.2	176.564	1093	0	339.843	4.72894	525
1	674	greylag	482.817	1.21643	22347.8	214.158	1434	0	561.686	7.93409	525
1	675	pinkfoot	449.458	1.20638	21682.9	186.943	1247	0.000925882	635.827	4.91533	521
1	675	barnacle	429.499	1.78767	23163.8	215.021	1053	0	439.45	4.2675	521
1	675	greylag	478.713	1.24482	20563.7	195.281	1393	0	612.647	7.7204	521
1	676	pinkfoot	442.823	1.22324	31968.3	209.836	1199.99	0.00196994	652.087	5.35921	517
1	676	barnacle	478.936	0.877125	19680.7	189.38	1006	0	433.447	4.4639	517
1	676	greylag	478.058	1.17562	20802.8	195.842	1346	0	654.329	7.78031	517
1	677	pinkfoot	443.145	1.19092	20517.4	184.77	1167.99	0.00191181	715.881	4.98617	513
1	677	barnacle	483.853	0.758951	20226.5	189.977	974	0	372.682	5.17735	513
1	677	greylag	478.569	1.10605	20600.2	187.164	1313	0	657.557	7.94424	513
1	678	pinkfoot	397.998	1.47159	22386.3	158.233	1205.99	0.00185176	775.456	3.67514	509
1	678	barnacle	472.133	0.866754	20461.2	163.534	1013	0	417.277	4.50799	509
1	678	greylag	467.301	1.34004	21885.7	199.664	1351	0	633.743	8.03645	509
1	679	pinkfoot	421.546	1.26348	23560.1	179.993	1194.99	0.0021344	716.25	4.68175	505
1	679	barnacle	474.319	0.782721	21141.1	184.106	1002	0	380.393	4.99176	505
1	679	greylag	470.215	1.14209	20332	195.847	1340	0	615.549	8.16343	505
1	680	pinkfoot	469.017	0.836503	23496.8	178.515	1183.99	0.00191181	540.779	6.42026	501
1	680	barnacle	483.329	0.579197	22282.9	183.745	991	0	326.729	5.27915	501
1	680	greylag	465.437	1.18871	21925.1	200.708	1328	0	637.874	8.10043	501
1	681	pinkfoot	430.529	1.17644	16184.5	182.809	1205.99	0.00191181	693.686	4.88259	497
1	681	barnacle	471.441	0.728874	22685.4	186.675	1013	0	365.923	4.84094	497
1	681	greylag	465.981	1.10774	21049	196.259	1350	0	591.859	8.45102	497
1	682	pinkfoot	374.221	1.88445	23743.1	209.906	1212	0.000955904	717.482	4.72714	493
1	682	barnacle	466.121	0.809642	23681.2	196.513	1020	0	335.365	5.16098	493
1	682	greylag	463.156	1.11797	21169.6	198.094	1357	0	565.061	8.54875	493
1	683	pinkfoot	428.649	1.0377	24677.7	209.183	1140	0.00126864	726.277	4.95646	489
1	683	barnacle	462.528	0.764171	23883	185.887	948	0	422.663	4.92657	489
1	683	greylag	466.799	0.885387	20451.2	202.811	1284	0	636.753	8.42677	489
1	684	pinkfoot	439.849	0.940014	22511.8	206.75	1158.99	0.00165806	640.156	5.76476	485
1	684	barnacle	448.807	0.834132	22350.4	175.699	967	0	431.526	5.01054	485
1	684	greylag	466.087	0.796961	20259.1	194.985	1303	0	578.535	8.71326	485
1	685	pinkfoot	448.118	0.809742	27847	200.222	1199.99	0.00172514	533.355	6.26841	481
1	685	barnacle	440.881	0.903632	24655.9	187.798	1009	0	424.388	4.59242	481
1	685	greylag	463.703	0.775781	21075.6	212.298	1344	0	524.552	8.96182	481
1	686	pinkfoot	431.689	0.976729	12967.5	133.682	1318.99	0.0020811	517.805	5.66052	478
1	686	barnacle	443.596	0.821448	24473.3	205.988	1128	0	280.395	5.00785	478
1	686	greylag	460.893	0.747867	21593.4	233.432	1462	0	414.946	9.06041	478
1	687	pinkfoot	410.607	1.07834	20457.9	156.661	1231.99	0.00185176	650.344	5.03729	474
1	687	barnacle	452.746	0.611803	26792.8	225.049	1042	0	310.18	5.27419	474
1	687	greylag	455.157	0.834336	21306.6	212.005	1375	0	482.982	9.026	474
1	688	pinkfoot	424.589	0.957603	20572.3	156.218	1220.99	0.0020811	597.521	5.73518	471
1	688	barnacle	447.706	0.706885	24410.2	203.943	1030	0	291.032	5.6438	471
1	688	greylag	455.789	0.731806	21054.8	221.283	1363	0	481.205	9.19503	471
1	689	pinkfoot	418.621	0.924911	21467	154.485	1184	0.00143747	658.391	5.37626	467
1	689	barnacle	439.006	0.768292	28487.4	228.496	993	0	382.167	5.15303	467
1	689	greylag	451.305	0.780444	21040	232.81	1326	0	519.72	9.25569	467
1	690	pinkfoot	425.984	0.905112	20520.1	185.886	1198	0.00104055	573.546	6.16765	464
1	690	barnacle	441.068	0.684709	23850.2	213.187	1008	0	358.205	5.10029	464
1	690	greylag	448.324	0.798889	21539	238.865	1340	0	490.56	9.21444	464
1	691	pinkfoot	423.875	0.807687	13244	138.598	1193.99	0.00165806	601.848	5.94883	460
1	691	barnacle	449.518	0.440973	27622.8	237.096	1004	0	248.12	5.88384	460
1	691	greylag	448.255	0.70135	21378.9	225.162	1336	0	465.754	9.43256	460
1	692	pinkfoot	424.165	0.834686	18835.9	130.096	1190	0.000925882	568.216	6.17295	457
1	692	barnacle	442.725	0.501194	24949.6	221.24	1001	0	290.17	5.74425	457
1	692	greylag	446.592	0.678274	21441.7	231.465	1332	0	437.005	9.56761	457
1	693	pinkfoot	410.617	0.869016	16767.1	164.099	1225	0.00075734	596.052	5.61526	454
1	693	barnacle	430.75	0.667683	21828.6	219.382	1036	0	342.324	5.27542	454
1	693	greylag	443.02	0.737391	23106.6	268.567	1367	0	427.284	9.35722	454
1	694	pinkfoot	403.087	0.931229	19460	172.273	1251	0.000894809	592.056	5.46621	451
1	694	barnacle	435.763	0.550104	19507.2	200.864	1062	0	285.399	5.32934	451
1	694	greylag	442.96	0.636252	21794.5	251.652	1393	0	367.934	9.82354	451
1	695	pinkfoot	414.845	0.765629	20139.7	170.111	1226	0.000718734	554.319	6.02403	448
1	695	barnacle	428.463	0.608885	22559.8	220.519	1038	0	298.28	5.7357	448
1	695	greylag	437.304	0.759766	21056.8	236.871	1367	0	403.567	9.79284	448
1	696	pinkfoot	412.482	0.770461	17779.4	165.534	1246.99	0.00158804	520.448	6.16148	445
1	696	barnacle	432.169	0.495009	19745.6	206.122	1058	0	249.443	5.7785	445
1	696	greylag	434	0.782074	22525.5	264.791	1388	0	362.331	9.90667	445
1	697	pinkfoot	405.447	0.778716	18644.7	192.571	1291	0.00117496	510.77	5.81806	442
1	697	barnacle	432.296	0.480866	21702.8	223.52	1103	0	193.692	5.50754	442
1	697	greylag	432.43	0.801761	22101.7	270.48	1432	0	301.337	10.0606	442
1	698	pinkfoot	411.131	0.731365	21961.1	190.102	1375	0.000829028	366.455	6.43332	440
1	698	barnacle	428.137	0.536513	26618.5	252.699	1188	0	110.015	5.67215	440
1	698	greylag	431.201	0.739267	23942.7	300.812	1516	0	190.42	10.4619	440
1	699	pinkfoot	407.476	0.766494	18880.8	145.708	1394	0.00101316	341.745	6.64385	437
1	699	barnacle	414.075	0.687737	26063.7	226.093	1207	0	170.401	5.38259	437
1	699	greylag	429.114	0.684256	23772.4	313.005	1535	0	146.001	10.6186	437
1	700	pinkfoot	414.034	0.658217	22515.9	175.237	1461	0.000862569	211.406	6.75422	434
1	700	barnacle	418.328	0.5321	25740.4	232.126	1274	0	42.5684	6.13391	434
1	700	greylag	421.867	0.901717	23935.3	308.154	1602	0	109.574	10.6587	434
1	701	pinkfoot	402.954	0.730943	23571.6	177.464	1514	0.000862569	216.576	6.59451	432
1	701	barnacle	400.828	0.815158	26761.4	234.849	1327	0	103.022	5.67848	432
1	701	greylag	422.101	0.809563	24472.2	324.967	1654	0	55.5263	10.6513	432
1	702	pinkfoot	401.559	0.727953	11701	131.355	1521	0.000955904	238.162	6.41788	430
1	702	barnacle	387.392	0.936676	34633.8	261.46	1334	0	167.887	4.08525	430
1	702	greylag	419.267	0.84808	24079.3	289.887	1661	0	93.6733	9.90892	430
1	703	pinkfoot	398.608	0.797204	17960.1	202.135	1565.99	0.00123687	150.175	7.1063	428
1	703	barnacle	229.699	1.75468	30238.5	223.44	1379	0	294.689	1.95497	428
1	703	greylag	416.999	0.8702	24949.5	321.762	1706	0	-3.29134	10.3852	428
1	704	pinkfoot	408.887	0.618737	22047.3	102.121	1547.99	0.00202632	75.0235	7.20556	425
1	704	barnacle	328.901	1.84538	32498.4	234.73	1361	0	112.307	5.43598	425
1	704	greylag	417.63	0.70323	24684.5	340.645	1687	0	6.13213	10.5069	425
1	705	pinkfoot	397.982	0.688075	19162.8	196.883	1479	0.000829028	248.306	6.72136	424
1	705	barnacle	318.703	1.91934	26241.5	215.73	1293	0	195.131	5.31961	424
1	705	greylag	417.7	0.652558	23619.4	282.553	1619	0	99.3194	9.80956	424
1	706	pinkfoot	399.358	0.631192	22930.8	184.654	1495	0.000587478	215.773	6.68014	422
1	706	barnacle	203.611	1.41814	25105.3	230.343	1309	0	390.444	1.47758	422
1	706	greylag	413.872	0.799911	24505.5	325.568	1635	0	41.1289	10.6223	422
1	707	pinkfoot	400.367	0.598925	20517.9	182.652	1484	0.00075734	205.188	6.77316	420
1	707	barnacle	366.243	1.32324	25119.6	219.901	1298	0	188.357	4.81458	420
1	707	greylag	415.567	0.645568	23755.7	308.107	1623	0	60.9911	10.2128	420
1	708	pinkfoot	394.04	0.656431	16056	186.766	1358	0.000829028	361.516	6.55609	418
1	708	barnacle	273.313	2.01069	22544.9	219.618	1172	0	330.439	5.92778	418
1	708	greylag	414.611	0.644412	23617	301.862	1498	0	155.991	10.0293	418
1	709	pinkfoot	394.475	0.62362	22848.6	214.924	1441	0.00075734	243.166	7.14204	417
1	709	barnacle	175.878	0.729811	24311.7	226.287	1255	0	461.512	0.909449	417
1	709	greylag	412.546	0.627845	22827.9	293.629	1580	0	86.6267	9.79628	417
1	710	pinkfoot	392.092	0.687737	13626.9	164.762	1515	0	204.107	6.68652	416
1	710	barnacle	175.569	0.735354	19983.8	215.921	1330	0	390.773	0.892628	416
1	710	greylag	410.131	0.704738	24241.8	325.049	1654	0	-0.0947484	10.489	416
1	711	pinkfoot	391.437	0.663938	13611.3	165.841	1472	0.000928101	253.915	6.58751	414
1	711	barnacle	174.922	0.722914	22462.3	215.149	1287	0	432.073	0.912845	414
1	711	greylag	409.044	0.67062	23321.4	304.133	1611	0	74.2036	9.85044	414
1	712	pinkfoot	390.247	0.688316	13587.7	166.041	1409	0	320.629	6.59014	413
1	712	barnacle	176.536	0.733233	27221.8	239.316	1224	0	487.186	0.976427	413
1	712	greylag	408.385	0.699353	21781.4	272.891	1548	0	161.368	9.37053	413
1	713	pinkfoot	370.02	0.849468	16573.2	182.562	1423	0	393.056	6.14146	412
1	713	barnacle	177.274	0.741072	29234.1	238.596	1238	0	469.752	0.965509	412
1	713	greylag	406.81	0.666641	21924	282.315	1562	0	123.777	9.80871	412
1	714	pinkfoot	377.212	0.759752	16597.9	181.581	1321	0	481.528	6.06546	412
1	714	barnacle	174.763	0.725764	21776.7	225.678	1135	0	584.774	0.918645	412
1	714	greylag	406.505	0.758678	20418.6	263.65	1459	0	278.048	9.19485	412
1	715	pinkfoot	389.825	0.629146	13804.2	168.268	1257	0	490.124	6.25931	411
1	715	barnacle	176.775	0.763946	22521.1	216.618	1072	0	646.032	0.926398	411
1	715	greylag	408.031	0.637874	20986	248.758	1396	0	309.241	9.27397	411
1	716	pinkfoot	382.141	0.706729	17899.6	185.041	1274	0	514.346	5.99568	411
1	716	barnacle	175.816	0.740602	19820.9	219.173	1089	0	632.315	0.905537	411
1	716	greylag	405.82	0.756571	21066.3	267.415	1412	0	314.392	9.30475	411
1	717	pinkfoot	391.189	0.582082	12856.5	141.646	1316	0.00078129	412.773	6.51236	410
1	717	barnacle	174.649	0.728953	19344.2	214.252	1131	0	591.322	0.91148	410
1	717	greylag	403.322	0.809426	21961.1	260.665	1455	0	274.9	9.36371	410
1	718	pinkfoot	389.689	0.676225	17224.3	187.419	1356	0	342.752	6.80542	410
1	718	barnacle	336.06	1.79992	22195.7	185.797	1171	0	235.852	6.17449	410
1	718	greylag	405.727	0.64386	21442.9	278.331	1495	0	177.291	9.41831	410
1	719	pinkfoot	386.814	0.682265	14383.6	92.2415	1369	0	368.225	6.43679	410
1	719	barnacle	335.115	1.81376	17723	203.314	1184	0	250.443	6.03828	410
1	719	greylag	402.344	0.880632	21840.9	284.068	1508	0	198.592	9.4914	410
1	720	pinkfoot	387.547	0.618833	14362.7	91.4936	1391	0	353.676	6.32326	410
1	720	barnacle	370.947	1.50646	20478.3	239.79	1206	0	69.3117	6.68691	410
1	720	greylag	404.079	0.784355	21559.2	305.803	1529	0	172.729	9.55066	410
1	721	pinkfoot	387.334	0.646355	14418.6	91.3261	1428	0	315.125	6.34551	410
1	721	barnacle	367.27	1.51054	32203.1	253.606	1243	0	81.102	6.45818	410
1	721	greylag	403.357	0.767349	22054.6	311.815	1567	0	131.874	9.60152	410
1	722	pinkfoot	388.173	0.663199	14512.8	97.6821	1379	0	364.83	6.3177	410
1	722	barnacle	388.904	0.92577	27770.9	283.71	1194	0	128.45	6.26846	410
1	722	greylag	402.557	0.827274	20765.2	254.769	1518	0	227.885	8.99487	410
1	723	pinkfoot	388.117	0.663746	14906	178.185	1361	0.000949534	387.299	6.30836	411
1	723	barnacle	396.87	0.821865	28832	287.034	1176	0	81.4383	6.41401	411
1	723	greylag	405.609	0.722195	21260.1	275.477	1500	0	226.236	9.39129	411
1	724	pinkfoot	389.32	0.657352	14103.9	172.494	1294	0	493.084	5.94785	412
1	724	barnacle	405.983	0.564392	27036	238.179	1109	0	120.167	6.09932	412
1	724	greylag	406.655	0.710414	20529.6	261.071	1433	0	350.036	9.07893	412
1	725	pinkfoot	388.79	0.647252	13819.4	170.564	1275	0	511.912	5.92087	412
1	725	barnacle	409.003	0.418071	23289.3	234.797	1090	0	157.5	6.10859	412
1	725	greylag	406.979	0.668165	19248.1	239.657	1414	0	389.976	8.78093	412
1	726	pinkfoot	389.576	0.635712	13793.3	171.6	1348	0.000726261	438.101	5.95246	413
1	726	barnacle	373.329	1.50159	24800	237.582	1163	0	165.033	6.37032	413
1	726	greylag	407.102	0.75293	20334.9	266.792	1487	0	334.019	8.67635	413
1	727	pinkfoot	388.918	0.710896	13808.3	171.676	1336	0	449.776	6.06164	414
1	727	barnacle	385.405	1.25302	22133.3	253.7	1150	0	117.624	6.70773	414
1	727	greylag	406.465	0.815357	19917.3	248.247	1474	0	338.766	8.73763	414
1	728	pinkfoot	390.577	0.695667	21972.8	197.155	1232	0	536.957	6.0376	415
1	728	barnacle	406.55	0.692921	29148.8	270.388	1047	0	207.191	5.83335	415
1	728	greylag	408.884	0.747224	19313.1	219.76	1371	0	431.704	8.50476	415
1	729	pinkfoot	392.13	0.64719	23170.7	189.794	1237	0.000732467	529.822	5.96102	417
1	729	barnacle	399.723	0.805352	35222.6	249.267	1052	0	269.243	5.86091	417
1	729	greylag	410.427	0.809043	19061.8	212.284	1376	0	436.585	8.54366	417
1	730	pinkfoot	392.586	0.673933	14646.1	178.511	1202	0.00073456	594.462	5.75762	419
1	730	barnacle	326.965	1.8649	21360.5	235.634	1017	0	525.352	4.49085	419
1	730	greylag	413.622	0.714064	18460.5	205.209	1342	0	473.72	8.4126	419
1	731	pinkfoot	393.647	0.705455	14614.2	180.119	1259	0.000861235	533.276	5.85922	420
1	731	barnacle	402.277	0.885846	22046.2	205.735	1073	0	268.825	5.81183	420
1	731	greylag	415.205	0.73785	19012.4	229.228	1398	0	404.784	8.53008	420
1	732	pinkfoot	393.714	0.734142	15575	183.044	1282	0.00100701	503.249	6.02666	422
1	732	barnacle	383.186	1.48432	31273.2	296.39	1096	0	239.062	6.10143	422
1	732	greylag	414.49	0.84507	20057.2	236.031	1421	0	391.599	8.56799	422
1	733	pinkfoot	396.585	0.769273	17714.1	191.214	1224	0.00113394	576.191	5.84086	424
1	733	barnacle	383.649	1.50917	29966.8	271.308	1038	0	329.15	5.64492	424
1	733	greylag	418.614	0.74606	18444.4	196.825	1364	0	481.692	8.33255	424
1	734	pinkfoot	399.564	0.734858	25543.4	214.449	1211	0.00101069	557.938	5.99502	426
1	734	barnacle	363.979	1.88701	22465.9	251.046	1025	0	339.797	6.1309	426
1	734	greylag	420.255	0.765938	18176.1	195.46	1350	0	499.866	8.1752	426
1	735	pinkfoot	398.192	0.69971	16506.1	172.122	1244	0.000642657	570.158	5.56246	428
1	735	barnacle	423.409	0.564624	21643.5	232.046	1058	0	126.631	6.25461	428
1	735	greylag	420.836	0.882103	18643.6	201.655	1384	0	467.775	8.25754	428
1	736	pinkfoot	381.923	0.971771	26432	205.986	1269	0.0009446	598.142	5.14163	430
1	736	barnacle	398.66	1.42551	22173.1	216.235	1082	0	233.683	6.11714	430
1	736	greylag	424.648	0.7628	18802.3	208.87	1409	0	427.529	8.33233	430
1	737	pinkfoot	387.201	1.18985	15598.2	191.195	1309.32	0.0337842	490.07	6.80561	432
1	737	barnacle	371.663	1.86761	20583.7	210.581	1122	0	213.016	6.66189	432
1	737	greylag	424.738	0.84575	19342.4	229.034	1449	0	387.354	8.41329	432
1	738	pinkfoot	390.275	1.20498	19213.2	200.133	1271.61	0.0439779	530.979	6.74089	435
1	738	barnacle	423.562	0.740584	22642.5	211.626	1084	0	231.041	5.65416	435
1	738	greylag	429.041	0.754305	18063.5	202.983	1411	0	491.692	8.08195	435
1	739	pinkfoot	393.124	1.18933	13472.2	168.147	1277.85	0.0491117	540.62	6.60158	437
1	739	barnacle	298.414	2.37202	20930.9	237.637	1089	0	399.523	5.92996	437
1	739	greylag	431.002	0.740692	17911.2	193.619	1417	0	466.044	8.09379	437
1	740	pinkfoot	393.317	1.1991	13650.6	165.716	1367.21	0.0595746	441.403	6.75598	440
1	740	barnacle	412.224	0.945368	25890.1	234.569	1179	0	237.558	5.52819	440
1	740	greylag	432.25	0.827002	19674.4	225.907	1506	0	360.987	8.41454	440
1	741	pinkfoot	397.214	1.19046	16477.9	171.017	1424.49	0.0645763	374.003	6.67226	443
1	741	barnacle	386.37	1.80036	28198.9	251.173	1235	0	162.967	5.8554	443
1	741	greylag	436.691	0.746074	19836.1	227.536	1564	0	292.477	8.56007	443
1	742	pinkfoot	396.928	1.198	17136.9	178.429	1456.77	0.0687547	355.621	6.64027	445
1	742	barnacle	403.473	1.52464	25050	232.35	1267	0	116.336	6.06348	445
1	742	greylag	437.935	0.799095	19408.7	247.009	1596	0	319.844	8.43824	445
1	743	pinkfoot	399.028	1.16311	14366.3	143.036	1471.02	0.0720654	359.329	6.35728	448
1	743	barnacle	168.792	0.733524	19359.4	224.487	1281	0	441.85	1.08743	448
1	743	greylag	438.102	0.953259	20303.1	258.245	1610	0	310.869	8.47131	448
1	744	pinkfoot	364.128	1.66151	17989.2	180.023	1486.27	0.0748097	369.574	6.3599	451
1	744	barnacle	175.032	1.01558	19429	224.249	1295	0	409.836	2.44533	451
1	744	greylag	442.15	0.895235	21016.6	280.211	1625	0	284.47	8.60052	451
1	745	pinkfoot	390.822	1.35798	15367.5	164.002	1498.54	0.0778622	355.681	6.21158	455
1	745	barnacle	267.913	2.57282	18501.2	216.051	1308.46	0.0424605	203.393	7.37103	455
1	745	greylag	438.062	1.42185	20408.2	264.695	1638.21	0.0395474	299.49	9.30249	455
1	746	pinkfoot	401.579	1.17724	11911.5	83.3135	1548.74	0.0789731	313.039	6.02782	458
1	746	barnacle	161.377	0.832406	18485.1	219.744	1357.86	0.0544328	302.919	5.98995	458
1	746	greylag	441.595	1.3742	20549.1	271.462	1688.38	0.0503044	237.007	9.51418	458
1	747	pinkfoot	403.192	1.17168	13032.2	134.542	1548.76	0.0750694	309.958	5.9893	461
1	747	barnacle	401.487	2.06883	14152.9	152.605	1358.11	0.0567119	-6.34208	7.13616	461
1	747	greylag	445.307	1.31927	20709.3	268.01	1687.57	0.0616174	225.929	9.54194	461
1	748	pinkfoot	405.136	1.1646	13923.3	160.101	1542.18	0.0818852	330.017	5.81151	464
1	748	barnacle	403.539	1.86725	27750.5	251.082	1350.56	0.0677662	63.9555	6.72424	464
1	748	greylag	448.592	1.31136	20551.6	263.871	1681.7	0.0650174	268.427	9.42086	464
1	749	pinkfoot	407.857	1.1707	13284.1	151.88	1588.39	0.083064	281.588	5.88371	468
1	749	barnacle	407.606	1.99327	28184.6	261.819	1396.89	0.0718397	-43.041	6.92056	468
1	749	greylag	450.879	1.30373	20897.7	262.191	1727.93	0.076038	245.073	9.19191	468
1	750	pinkfoot	408.928	1.17041	13928.6	130.816	1591.61	0.0845151	284.799	5.711	471
1	750	barnacle	351.185	2.42522	24859.5	263.432	1401	0.0682469	46.9496	6.66349	471
1	750	greylag	451.415	1.36061	21416.6	261.561	1732.09	0.0808484	226.335	9.2893	471
1	751	pinkfoot	410.535	1.18689	15322.3	160.813	1519.79	0.0847338	368.467	5.5795	475
1	751	barnacle	430.62	1.55464	31378.3	290.325	1328.29	0.0714806	62.7773	6.33069	475
1	751	greylag	454.794	1.43806	20599.5	246.292	1659.27	0.0871602	319.231	9.22336	475
1	752	pinkfoot	411.887	1.17062	14337.2	157.754	1538.96	0.0851808	351.585	5.49926	478
1	752	barnacle	427.153	1.63505	33095.6	315.667	1347.51	0.0717965	-7.48344	6.90829	478
1	752	greylag	457.132	1.38795	20388	252.042	1679.43	0.0907145	318.205	9.10592	478
1	753	pinkfoot	380.753	1.27129	21072.1	186.942	1571.15	0.085902	377.074	4.96867	482
1	753	barnacle	426.662	1.89825	25069.2	250.105	1379.02	0.0801419	-36.9572	6.43056	482
1	753	greylag	458.955	1.51995	21318.3	259.317	1711.6	0.0955134	257.785	9.44543	482
1	754	pinkfoot	382.377	1.28173	24164	181.238	1616.33	0.0861584	345.952	4.8082	486
1	754	barnacle	400.586	1.62249	18778.4	202.418	1424.27	0.0810673	120.494	5.27032	486
1	754	greylag	459.766	1.51293	22156.4	295.167	1757.75	0.0984542	247.147	9.44478	486
1	755	pinkfoot	417.433	1.20317	14440.9	156.759	1547.5	0.0863216	357.263	5.26034	490
1	755	barnacle	426.898	1.47137	25790.5	201.631	1355.21	0.0749156	128.906	5.45095	490
1	755	greylag	464.584	1.5057	20239.7	228.935	1688.92	0.102333	317.429	8.87624	490
1	756	pinkfoot	420.921	1.20225	20152.4	172.617	1522.68	0.0864198	357.57	5.39842	494
1	756	barnacle	420.73	1.69074	18232	192.24	1329.72	0.0816781	147.575	5.60905	494
1	756	greylag	470.74	1.42412	20461.1	228.949	1664.08	0.105468	332.194	9.05277	494
1	757	pinkfoot	424.047	1.1686	21287.2	179.708	1437.82	0.0863487	459.204	5.09413	497
1	757	barnacle	357.356	2.2741	26458.1	215.994	1244.93	0.0816862	289.914	5.24089	497
1	757	greylag	473.321	1.4252	20118.1	228.197	1579.23	0.108023	439.183	8.75012	497
1	758	pinkfoot	422.123	1.20085	11755.7	130.672	1347.97	0.0861852	579.689	4.9243	501
1	758	barnacle	324.496	2.34112	19908.3	192.47	1155.12	0.0814254	396.817	5.19731	501
1	758	greylag	477.314	1.44736	19958.3	226.244	1489.53	0.117404	508.044	8.96969	501
1	759	pinkfoot	423.832	1.20767	14288	148.619	1354.11	0.0859814	577.344	4.85217	506
1	759	barnacle	389.739	2.11707	22045.1	190.101	1160.3	0.0810186	348.264	5.25243	506
1	759	greylag	480.348	1.46906	21465.5	235.398	1495.53	0.112788	528.441	8.7822	506
1	760	pinkfoot	424.828	1.22388	13119	137.367	1324.26	0.0857499	608.759	4.81234	510
1	760	barnacle	440.268	1.86793	21882.1	192.023	1130.47	0.0804988	260.804	5.67291	510
1	760	greylag	485.412	1.40883	19907.4	215.304	1466.65	0.113956	553.975	8.71019	510
1	761	pinkfoot	425.614	1.2343	13240.2	137.453	1334.81	0.0916352	597.46	4.79612	514
1	761	barnacle	460.669	1.50517	19797.9	184.584	1140.63	0.0799621	268.334	5.40534	514
1	761	greylag	488.457	1.40931	21114.2	217.872	1476.97	0.123129	523.143	8.85025	514
1	762	pinkfoot	427.557	1.21833	11720.8	116.632	1431.54	0.0851447	519.443	4.58038	518
1	762	barnacle	455.901	1.74646	20919.8	189.713	1236.79	0.0793409	157.225	5.49516	518
1	762	greylag	492.202	1.3878	20996.3	232.844	1573.92	0.116877	455.882	8.83615	518
1	763	pinkfoot	428.792	1.23912	11767.8	117.852	1426.68	0.0847666	518.935	4.64816	522
1	763	barnacle	470.419	1.53927	23325.9	200.087	1231.93	0.0786803	145.493	5.42335	522
1	763	greylag	498.648	1.33735	20447.1	229.603	1570.04	0.118125	432.876	8.95042	522
1	764	pinkfoot	432.894	1.23795	12968.8	128.75	1419.81	0.0843712	526.088	4.60378	526
1	764	barnacle	477.107	1.30303	24882	203.815	1224.08	0.0780454	195.973	5.18341	526
1	764	greylag	501.584	1.37828	20886.2	234.143	1562.36	0.127019	463.421	8.69691	526
1	765	pinkfoot	435.685	1.24239	13515	133.35	1360.39	0.0903592	585.165	4.49962	531
1	765	barnacle	480.447	1.4029	20950.2	187.081	1164.77	0.0707917	240.012	5.08632	531
1	765	greylag	505.309	1.38316	22093.9	245.142	1503.49	0.128153	498.192	8.76893	531
1	766	pinkfoot	436.262	1.24218	14713.7	132.029	1394.06	0.0835076	560.266	4.41206	535
1	766	barnacle	493.703	1.24413	24380.1	203.505	1198.34	0.0766713	206.237	4.97038	535
1	766	greylag	507.093	1.39233	22202.7	230.18	1537.61	0.129065	497.484	8.58429	535
1	767	pinkfoot	439.35	1.23536	11990.1	117.194	1438.17	0.0830584	519.471	4.34125	539
1	767	barnacle	496.597	1.30948	22872.9	201.328	1241.47	0.0759291	139.724	5.06996	539
1	767	greylag	510.434	1.45629	22241.8	242.089	1581.74	0.129916	440.91	8.5779	539
1	768	pinkfoot	439.777	1.25463	13569.4	113.093	1462.28	0.0825544	493.117	4.35463	544
1	768	barnacle	496.114	1.29224	22660.8	203.13	1265.58	0.0752158	127.209	5.07996	544
1	768	greylag	512.504	1.44684	22062.6	232.277	1606.62	0.122558	421.586	8.49665	544
1	769	pinkfoot	442.468	1.26275	12640.2	118.619	1488.41	0.0820528	473.371	4.33174	548
1	769	barnacle	497.604	1.26025	25553.8	205.077	1291.68	0.0745231	140.067	4.83749	548
1	769	greylag	511.77	1.50132	21447.9	234.993	1632.98	0.131391	438.704	8.25164	548
1	770	pinkfoot	447.033	1.24192	13732.1	123.537	1520.51	0.0815492	435.964	4.21511	552
1	770	barnacle	501.856	1.23197	24511.6	214.145	1322.81	0.0741256	98.319	4.80872	552
1	770	greylag	519.158	1.46101	22013.8	231.216	1665.09	0.132068	377.083	8.36629	552
1	771	pinkfoot	449.961	1.25122	12134.6	105.211	1554.63	0.0812953	414.742	4.09672	557
1	771	barnacle	511.332	1.20642	22848.4	201.151	1356.91	0.0734815	65.5205	4.83722	557
1	771	greylag	525.261	1.42449	22685.8	245.351	1699.93	0.124629	351.224	8.29197	557
1	772	pinkfoot	449.262	1.26775	15176.2	146.447	1540.21	0.0864219	423.821	4.13703	561
1	772	barnacle	516.364	1.19765	17885.7	158.085	1341.99	0.0724844	71.8536	4.75002	561
1	772	greylag	524.327	1.43732	23558.1	253.965	1685.28	0.132947	381.064	8.28006	561
1	773	pinkfoot	458.264	1.24141	12558.9	124.275	1548.8	0.0799753	417.375	4.07849	566
1	773	barnacle	488.713	1.73969	20433.4	165.982	1350.09	0.07214	102.537	4.58954	566
1	773	greylag	521.724	1.63	23207.8	238.656	1694.13	0.125574	391.286	8.09184	566
1	774	pinkfoot	457.151	1.26484	17563.3	147.203	1525.41	0.0853036	436.808	3.99301	570
1	774	barnacle	517.607	1.23636	20289.2	174.197	1326.16	0.0711427	120.977	4.4399	570
1	774	greylag	513.197	1.81759	24323.4	232.826	1671.23	0.125655	458.394	7.3509	570
1	775	pinkfoot	462.549	1.25757	16138.9	143.331	1495.5	0.0849306	463.408	4.00941	575
1	775	barnacle	502.272	1.42467	20062.3	170.464	1296.24	0.0705243	183.288	4.32337	575
1	775	greylag	522.875	1.69862	23374.7	227.155	1641.34	0.126303	457.343	7.84307	575
1	776	pinkfoot	462.528	1.26553	19382.4	148.795	1486.6	0.0843507	477.824	3.86687	579
1	776	barnacle	514.735	1.39709	17166.2	150.924	1287.32	0.0697997	183.116	4.22029	579
1	776	greylag	523.931	1.70658	22699.5	228.643	1632.72	0.134572	502.023	7.41804	579
1	777	pinkfoot	463.759	1.29276	15586.7	138.102	1458.7	0.0837239	511.507	3.886	584
1	777	barnacle	515.961	1.50091	19768.6	163.023	1258.41	0.0693977	195.017	4.32385	584
1	777	greylag	526.581	1.75174	22640.2	222.874	1605.52	0.126692	515.957	7.54697	584
1	778	pinkfoot	461.937	1.29109	17330.9	143.478	1454.23	0.0772323	526.662	3.72038	588
1	778	barnacle	526.378	1.28437	18286.5	161.692	1253.48	0.0687482	229.611	4.02651	588
1	778	greylag	534.394	1.62325	23009.5	219.772	1601.6	0.126527	522.595	7.52766	588
1	779	pinkfoot	457.563	1.30891	19107.2	153.612	1414.88	0.0825141	570.383	3.63939	593
1	779	barnacle	534.86	1.24296	16341.2	148.083	1213.96	0.0619113	260.262	4.04281	593
1	779	greylag	544.231	1.56867	23010.6	215.189	1561.99	0.13504	530.533	7.7346	593
1	780	pinkfoot	474.239	1.28429	13812.7	120.388	1460.4	0.0760984	518.334	3.74039	598
1	780	barnacle	535.803	1.25004	17659.7	153.989	1258.62	0.0673301	227.733	3.92228	598
1	780	greylag	542.485	1.81292	23312	222.22	1608.09	0.135133	488.157	7.56813	598
1	781	pinkfoot	456.223	1.32964	23665.4	140.796	1521.06	0.0813074	469.59	3.46028	602
1	781	barnacle	534.134	1.38127	20013.6	170.929	1319.67	0.0664637	153.686	4.1037	602
1	781	greylag	553.054	1.62317	23831.4	236.583	1669.18	0.135193	422.686	7.57889	602
1	782	pinkfoot	454.572	1.32356	15832.6	117.578	1560.14	0.0807232	458.096	3.24998	607
1	782	barnacle	541.513	1.21859	20784.1	179.599	1357.75	0.0660657	133.006	3.9227	607
1	782	greylag	555.176	1.72527	23812.8	237.993	1708.27	0.135221	393.882	7.57054	607
1	783	pinkfoot	456.542	1.3453	17777.7	83.491	1590.23	0.0800713	417.613	3.39029	611
1	783	barnacle	523.323	1.4724	20087.2	166.402	1387.79	0.06532	131.505	3.74641	611
1	783	greylag	552.409	1.80075	24092.8	231.351	1738.34	0.135223	379.926	7.26334	611
1	784	pinkfoot	463.459	1.3379	14359.1	103.045	1563.3	0.0794829	451.993	3.38006	616
1	784	barnacle	534.462	1.4807	14313.8	121.366	1359.87	0.0649198	164.464	3.62733	616
1	784	greylag	564.111	1.69211	25508.4	234.993	1711.43	0.135475	384.102	7.3739	616
1	785	pinkfoot	470.924	1.33773	20983.5	108.46	1521.39	0.0788835	474.93	3.33791	621
1	785	barnacle	545.138	1.24074	17851.9	156.557	1317.93	0.0643094	206.524	3.5951	621
1	785	greylag	577.317	1.74964	24448.4	232.293	1670.17	0.127014	351.834	7.86436	621
1	786	pinkfoot	476.428	1.32317	19424.4	74.761	1484.46	0.0783125	516.942	3.24478	625
1	786	barnacle	542.182	1.36372	16841.2	142.711	1280.97	0.0635221	245.623	3.55355	625
1	786	greylag	588.885	1.56689	24667.1	227.814	1633.58	0.135096	367.621	7.8775	625
1	787	pinkfoot	502.539	1.2999	21909.1	132.76	1494.54	0.0776875	464.36	3.58218	630
1	787	barnacle	557.521	1.3486	14600.2	122.716	1290.67	0.0685687	220.558	3.57984	630
1	787	greylag	594.867	1.58874	25058.1	245.881	1644.32	0.126861	330.131	8.26769	630
1	788	pinkfoot	515.916	1.27339	21132.7	108.73	1463.61	0.0771104	479.072	3.64667	635
1	788	barnacle	556.27	1.23609	14192.1	117.835	1259.1	0.0624429	273.951	3.41785	635
1	788	greylag	601.972	1.56884	25864.8	245.707	1613.74	0.134977	321.566	8.26924	635
1	789	pinkfoot	532.192	1.23739	18455.1	85.8356	1408.69	0.0765187	517.879	3.80368	639
1	789	barnacle	556.801	1.30404	14417.5	115.549	1203.78	0.067258	332.28	3.36633	639
1	789	greylag	604.406	1.60521	25135.6	245.088	1558.8	0.134944	401.154	8.03359	639
1	790	pinkfoot	538.503	1.11057	15654.1	95.7605	1419.64	0.0762266	537.095	3.03842	644
1	790	barnacle	568.678	1.21915	15299.7	128.8	1214.67	0.066678	306.329	3.40793	644
1	790	greylag	638.676	1.09156	29637.5	353.147	1570.74	0.133522	-40.8213	8.42687	644
1	791	pinkfoot	537.218	1.14953	14848.3	93.2434	1418.6	0.0763047	550.645	3.01055	649
1	791	barnacle	565.375	1.23496	17747.8	147.393	1212.9	0.0612188	326.246	3.30273	649
1	791	greylag	644.162	1.1049	28047.1	319.545	1569.66	0.132798	-10.4763	8.39612	649
1	792	pinkfoot	536.857	1.15355	15193.4	117.697	1402.57	0.0764763	574.5	2.81569	653
1	792	barnacle	565.525	1.23812	16468.7	134.041	1195.79	0.0611214	350.124	3.18424	653
1	792	greylag	645.729	1.10804	24205.8	273.121	1553.6	0.132119	58.4559	8.20849	653
1	793	pinkfoot	537.465	1.16867	13658.9	95.017	1421.55	0.076556	567.632	2.68431	658
1	793	barnacle	566.447	1.23699	14597.4	118.453	1214.68	0.0610037	343.438	3.09006	658
1	793	greylag	649.364	1.12456	22905.9	267.99	1572.54	0.131565	153.912	8.4607	658
1	794	pinkfoot	542.335	1.18282	13840.1	111.651	1429.53	0.0766011	553.451	2.78061	663
1	794	barnacle	579.076	1.24646	15375.8	125.969	1222.2	0.0661887	313.707	3.19303	663
1	794	greylag	651.74	1.17698	21796.7	254.358	1580.45	0.130927	213.061	8.29887	663
1	795	pinkfoot	540.35	1.21687	15750.5	127.803	1422.5	0.0766341	566.474	2.73648	668
1	795	barnacle	575.947	1.24949	15312.1	119.723	1215.08	0.0659992	336.29	3.09352	668
1	795	greylag	657.132	1.18509	21740.7	252.943	1574.38	0.13032	246.03	7.85525	668
1	796	pinkfoot	552.512	1.19524	14090.9	121.947	1424.47	0.076781	555.39	2.79254	672
1	796	barnacle	580.056	1.25478	16496.5	132.884	1215.4	0.0602716	332.521	3.05907	672
1	796	greylag	662.441	1.15592	21402.3	244.714	1576.32	0.129627	235.206	7.77061	672
1	797	pinkfoot	544.455	1.23228	15216.2	126.412	1487.45	0.0768221	511.262	2.57542	677
1	797	barnacle	581.172	1.26123	13761.9	108.212	1278.3	0.060057	284.152	2.98592	677
1	797	greylag	663.076	1.2299	21521.9	232.804	1639.26	0.128873	220.342	7.95042	677
1	798	pinkfoot	545.046	1.26541	15011.6	127.029	1531.43	0.0768077	464.887	2.67951	682
1	798	barnacle	576.002	1.2778	13594.7	108.977	1322.77	0.06529	253.539	2.85765	682
1	798	greylag	667.633	1.21336	21638.2	250.394	1684.2	0.128205	173.188	8.02614	682
1	799	pinkfoot	554.861	1.24132	12713.5	83.0431	1585.4	0.07693	409.687	2.68263	686
1	799	barnacle	576.571	1.27814	14928.9	116.297	1376.1	0.0597122	202.354	2.84956	686
1	799	greylag	670.997	1.22512	21652.9	245.656	1738.12	0.12755	148.297	7.68622	686
1	800	pinkfoot	551.04	1.29131	21828	149.205	1630.35	0.0769835	351.308	2.77886	691
1	800	barnacle	583.337	1.28436	16473.8	124.037	1420.02	0.0593341	153.12	2.8565	691
1	800	greylag	679.52	1.16304	22904.1	275.401	1783.07	0.126847	56.0321	8.13773	691
1	801	pinkfoot	548.942	1.31511	13714.4	122.837	1540.31	0.077101	470.41	2.57713	696
1	801	barnacle	581.352	1.29285	13568	106.445	1329.92	0.0591997	259.991	2.70215	696
1	801	greylag	681.767	1.20081	21907.6	250.302	1693.31	0.134159	185.94	8.06823	696
1	802	pinkfoot	552.73	1.29441	14030.2	123.571	1552.29	0.0772698	458.829	2.41177	700
1	802	barnacle	582.32	1.29269	14705.2	109.541	1341.83	0.0589072	244.742	2.69413	700
1	802	greylag	681.158	1.26571	21151.2	241.604	1705.91	0.125516	198.588	7.93307	700
1	803	pinkfoot	555.127	1.33211	22222.6	156.004	1616.26	0.0772493	373.065	2.64141	705
1	803	barnacle	588.446	1.29876	15915.7	122.008	1404.77	0.058485	176.046	2.71156	705
1	803	greylag	691.464	1.17802	22163.9	255.686	1769.86	0.124943	93.4829	8.25863	705
1	804	pinkfoot	551.729	1.35663	14707.2	124.636	1556.22	0.0773427	461.49	2.42063	710
1	804	barnacle	591.341	1.30929	15743.9	118.919	1344.67	0.0583014	238.651	2.68395	710
1	804	greylag	693.359	1.23714	21982.5	243.933	1710.1	0.13195	206.388	7.82207	710
1	805	pinkfoot	555.762	1.36333	19989.5	147.704	1529.78	0.0829226	473.388	2.48901	715
1	805	barnacle	615.321	1.26455	17529.2	133.867	1317.59	0.0579861	230.213	2.81595	715
1	805	greylag	692.658	1.34768	20982	216.806	1684.02	0.131179	255.242	7.40814	715
1	806	pinkfoot	557.697	1.37876	14709.9	122.604	1495.74	0.0830325	526.204	2.3126	719
1	806	barnacle	624.085	1.04499	15736.6	115.751	1283.08	0.0634273	285.991	2.23197	719
1	806	greylag	707.277	0.637082	21280.5	226.58	1649.98	0.131394	279.815	7.12358	719
1	807	pinkfoot	555.319	1.40384	18948.9	136.193	1549.14	0.0775029	465.574	2.39645	724
1	807	barnacle	619.259	1.11287	16707.6	123.743	1336.07	0.0634745	254.171	1.92781	724
1	807	greylag	711.642	0.70883	21518.2	237.094	1703.68	0.13027	235.804	7.51466	724
1	808	pinkfoot	558.309	1.40674	14949.4	125.134	1609.11	0.0775966	418.789	2.25977	729
1	808	barnacle	603.719	1.14186	19049.2	140.963	1395.56	0.058205	217.53	1.73449	729
1	808	greylag	712.505	0.848446	21679.8	265.544	1763.97	0.146175	209.005	7.91641	729
1	809	pinkfoot	559.297	1.45154	13976.2	123.725	1637.07	0.0792165	392.215	2.30882	733
1	809	barnacle	603.534	1.16585	14169.9	104.806	1423.05	0.063558	200.472	1.64323	733
1	809	greylag	718.98	0.81638	22890.6	316.023	1792.64	0.145452	162.706	8.70773	733
1	810	pinkfoot	559.704	1.50022	18189.4	148.294	1614.04	0.080707	410.406	2.38402	738
1	810	barnacle	600.866	1.18022	17408.9	121.134	1399.55	0.0583045	226.038	1.58821	738
1	810	greylag	720.395	0.997528	20574.3	274.256	1769.67	0.155864	250.157	8.09177	738
1	811	pinkfoot	559.265	1.54155	14303.4	128.504	1628.01	0.0826514	408.069	2.27452	743
1	811	barnacle	601.924	1.20127	14931.1	101.717	1413.04	0.0636555	217.952	1.52921	743
1	811	greylag	727.634	0.892549	21124.8	314.67	1783.93	0.178893	221.684	9.30572	743
1	812	pinkfoot	560.072	1.5759	13613.3	126.469	1645.99	0.0844482	397.177	2.17787	747
1	812	barnacle	611.528	1.20894	15635.7	113.228	1431.04	0.0636773	200.971	1.48304	747
1	812	greylag	731.051	1.01566	22011.9	360.878	1802.64	0.18535	214.004	10.0739	747
1	813	pinkfoot	561.614	1.62045	13626.9	128.361	1570.96	0.0863833	473.011	2.12026	752
1	813	barnacle	614.301	1.22527	14932.5	110.019	1355.53	0.0584105	269.103	1.62771	752
1	813	greylag	726.219	1.56907	18169.3	309.614	1727.61	0.206402	362.865	9.7581	752
1	814	pinkfoot	562.894	1.67971	12000.3	118.322	1570.93	0.0883345	479.954	2.17041	757
1	814	barnacle	614.08	1.24401	15213.2	109.807	1355.53	0.0584533	279.975	1.41175	757
1	814	greylag	741.496	1.23506	20065.2	366.596	1727.84	0.252496	309.409	12.2847	757
1	815	pinkfoot	563.244	1.76104	11774.5	119.175	1535.92	0.0906496	513.503	2.38918	762
1	815	barnacle	625.016	1.25726	15725.4	105.94	1320.03	0.063818	305.89	1.49583	762
1	815	greylag	746.899	1.36908	19216.9	455.459	1692.69	0.300053	330.226	15.2695	762
1	816	pinkfoot	564.711	1.80809	15050	143.236	1537.89	0.0927839	507.687	2.42437	766
1	816	barnacle	611.999	1.27651	16250.7	116.863	1321.53	0.0585263	319.727	1.31503	766
1	816	greylag	746.243	2.70039	19833.8	650.15	1695.6	0.409989	366.709	20.0803	766
1	817	pinkfoot	564.895	1.84922	13992.8	145.661	1543.46	0.10227	510.28	2.13273	771
1	817	barnacle	618.293	1.28721	15422.1	105.951	1326.53	0.058546	308.15	1.4308	771
1	817	greylag	-1	-1	-1	-1	-1	-1	-1	-1	771
1	818	pinkfoot	565.975	1.9204	16933.7	162.723	1542.44	0.105379	511.326	2.01647	776
1	818	barnacle	622.026	1.29958	14769.2	107.326	1325.04	0.0639082	314.989	1.35192	776
1	818	greylag	-1	-1	-1	-1	-1	-1	-1	-1	776
1	819	pinkfoot	571.086	2.02159	13976.5	156.1	1540.86	0.101507	511.888	2.44574	780
1	819	barnacle	615.703	1.31945	14512.2	104.825	1323.04	0.0639299	323.021	1.25792	780
1	819	greylag	-1	-1	-1	-1	-1	-1	-1	-1	780
1	820	pinkfoot	567.954	2.10256	12903.8	149.943	1520.41	0.111942	538.311	2.41627	785
1	820	barnacle	612.802	1.32514	13945.1	99.0772	1303.04	0.0639372	348.177	1.21768	785
1	820	greylag	-1	-1	-1	-1	-1	-1	-1	-1	785
1	821	pinkfoot	567.752	2.21614	13635.4	145.458	1534.85	0.107983	523.211	2.71073	790
1	821	barnacle	620.477	1.35849	13936.4	106.741	1316.54	0.0593307	333.155	1.22232	790
1	821	greylag	-1	-1	-1	-1	-1	-1	-1	-1	790
1	822	pinkfoot	571.074	2.27383	12472	131.028	1479.46	0.120326	586.585	2.14199	794
1	822	barnacle	619.725	1.38874	15859.8	116.29	1261.05	0.0654319	388.225	1.19307	794
1	822	greylag	-1	-1	-1	-1	-1	-1	-1	-1	794
1	823	pinkfoot	569.62	2.41056	13810.9	174.875	1446.39	0.125154	613.82	2.78965	799
1	823	barnacle	614.681	1.40726	13524.4	106.101	1227.06	0.0662115	432.229	1.08813	799
1	823	greylag	-1	-1	-1	-1	-1	-1	-1	-1	799
1	824	pinkfoot	573.553	2.52857	19163.4	204.754	1473.36	0.129855	573.685	2.99702	804
1	824	barnacle	626.282	1.44698	15362.9	122.874	1254.06	0.0670243	395.672	1.24683	804
1	824	greylag	-1	-1	-1	-1	-1	-1	-1	-1	804
1	825	pinkfoot	577.376	2.60981	13941.8	198.801	1460.77	0.127271	605.012	2.41219	808
1	825	barnacle	630.512	1.47835	13824.6	111.981	1241.06	0.0679024	409.939	1.2758	808
1	825	greylag	-1	-1	-1	-1	-1	-1	-1	-1	808
1	826	pinkfoot	570.753	2.84881	14297.6	208.792	1456.23	0.143684	603.486	3.32993	813
1	826	barnacle	635.307	1.49797	14233	109.453	1236.05	0.0687767	410.892	1.31103	813
1	826	greylag	-1	-1	-1	-1	-1	-1	-1	-1	813
1	827	pinkfoot	577.217	3.0283	19570.9	244.289	1466.19	0.153339	585.944	3.28943	818
1	827	barnacle	629.082	1.54511	14505.3	120.432	1246.06	0.0697027	408.068	1.23559	818
1	827	greylag	-1	-1	-1	-1	-1	-1	-1	-1	818
1	828	pinkfoot	586.35	3.2245	13535.9	241.736	1499.01	0.164669	561.651	3.45546	822
1	828	barnacle	632.94	1.56536	14529.2	119.013	1278.08	0.0707244	376.626	1.22363	822
1	828	greylag	-1	-1	-1	-1	-1	-1	-1	-1	822
1	829	pinkfoot	572.098	3.61387	16795.6	271.25	1481.02	0.176446	574.056	4.69832	827
1	829	barnacle	647.34	1.59117	14087.3	116.266	1259.58	0.0657305	388.72	1.35508	827
1	829	greylag	-1	-1	-1	-1	-1	-1	-1	-1	827
1	830	pinkfoot	591.477	3.88142	12322.2	195.618	1505.89	0.194593	558.87	3.72769	831
1	830	barnacle	637.955	1.66403	14054.9	116.962	1284.09	0.0726405	370.787	1.28172	831
1	830	greylag	-1	-1	-1	-1	-1	-1	-1	-1	831
1	831	pinkfoot	586.523	4.41629	12681.9	207.835	1479.79	0.217718	588.943	3.86198	836
1	831	barnacle	630.328	1.6779	14811.3	118.199	1258.09	0.0737745	403.926	1.08547	836
1	831	greylag	-1	-1	-1	-1	-1	-1	-1	-1	836
1	832	pinkfoot	562.962	4.90985	12366.8	171.551	1486.71	0.249838	596.381	3.35497	841
1	832	barnacle	640.028	1.72975	14219.9	126.444	1265.1	0.0748847	393.758	1.2066	841
1	832	greylag	-1	-1	-1	-1	-1	-1	-1	-1	841
1	833	pinkfoot	560.051	6.45611	12323.7	216.745	1446.89	0.309846	623.849	8.44818	845
1	833	barnacle	641.783	1.76651	15491.1	126.952	1224.11	0.0759786	434.023	1.23136	845
1	833	greylag	-1	-1	-1	-1	-1	-1	-1	-1	845
1	834	pinkfoot	557.981	8.32595	12671.9	284.536	1416.6	0.423574	663.487	7.72513	850
1	834	barnacle	651.883	1.8188	14151.7	127.145	1194.11	0.0770233	456.64	1.44203	850
1	834	greylag	-1	-1	-1	-1	-1	-1	-1	-1	850
1	835	pinkfoot	779	-1	16792	-1	1329	-1	773	-1	854
1	835	barnacle	640.143	1.85513	13978.3	123.232	1113.61	0.0848118	543.919	1.36523	854
1	835	greylag	-1	-1	-1	-1	-1	-1	-1	-1	854
1	836	pinkfoot	682	-1	18018	-1	1363	-1	742	-1	859
1	836	barnacle	672.188	1.87833	16774.2	150.196	1148.11	0.0795272	491.159	1.67497	859
1	836	greylag	-1	-1	-1	-1	-1	-1	-1	-1	859
1	837	pinkfoot	674	-1	18951	-1	1367	-1	748	-1	863
1	837	barnacle	681.86	1.88597	15066.1	136.323	1151.09	0.0809751	484.827	1.80419	863
1	837	greylag	-1	-1	-1	-1	-1	-1	-1	-1	863
1	838	pinkfoot	669	-1	21181	-1	1324	-1	811	-1	868
1	838	barnacle	658.363	2.00328	14975.6	148.19	1107.12	0.0824711	544.68	1.56977	868
1	838	greylag	-1	-1	-1	-1	-1	-1	-1	-1	868
1	839	pinkfoot	802	-1	11056	-1	1408	-1	703	-1	872
1	839	barnacle	661.87	2.0456	16486.6	150.955	1191.09	0.0842296	460.352	1.50177	872
1	839	greylag	-1	-1	-1	-1	-1	-1	-1	-1	872
1	840	pinkfoot	584	-1	11787	-1	1416	-1	713	-1	877
1	840	barnacle	680.088	2.0602	15718.8	152.63	1199.1	0.0860726	444.639	1.71715	877
1	840	greylag	-1	-1	-1	-1	-1	-1	-1	-1	877
1	841	pinkfoot	582	-1	25131	-1	1392	-1	692	-1	881
1	841	barnacle	670.597	2.15586	18187.9	179.631	1174.11	0.0877935	471.284	1.6475	881
1	841	greylag	-1	-1	-1	-1	-1	-1	-1	-1	881
1	842	pinkfoot	542	-1	36090	-1	1402	-1	628	-1	886
1	842	barnacle	673.166	2.2276	14622.5	153.078	1184.11	0.0896282	465.311	1.7591	886
1	842	greylag	-1	-1	-1	-1	-1	-1	-1	-1	886
1	843	pinkfoot	613	-1	13713	-1	1382	-1	733	-1	890
1	843	barnacle	682.066	2.28269	14564.9	152.576	1164.11	0.0915594	479.906	1.90088	890
1	843	greylag	-1	-1	-1	-1	-1	-1	-1	-1	890
1	844	pinkfoot	581	-1	21435	-1	1412	-1	699	-1	895
1	844	barnacle	666.596	2.41152	15438.9	158.087	1194.13	0.093706	458.639	1.73695	895
1	844	greylag	-1	-1	-1	-1	-1	-1	-1	-1	895
1	845	pinkfoot	600	-1	22495	-1	1412	-1	656	-1	899
1	845	barnacle	675.981	2.44254	17777.6	185.696	1193.1	0.0961375	455.695	1.74523	899
1	845	greylag	-1	-1	-1	-1	-1	-1	-1	-1	899
1	846	pinkfoot	643	-1	22925	-1	1427	-1	678	-1	903
1	846	barnacle	694.752	2.48315	16321.3	184.329	1208.11	0.0986489	435.023	1.90573	903
1	846	greylag	-1	-1	-1	-1	-1	-1	-1	-1	903
1	847	pinkfoot	589	-1	15067	-1	1412	-1	724	-1	908
1	847	barnacle	706.818	2.48958	16405.5	195.449	1192.62	0.109571	450.868	1.94022	908
1	847	greylag	-1	-1	-1	-1	-1	-1	-1	-1	908
1	848	pinkfoot	798	-1	11153	-1	1430	-1	697	-1	912
1	848	barnacle	668.718	2.73136	15490.7	200.79	1210.05	0.104332	447.462	1.75634	912
1	848	greylag	-1	-1	-1	-1	-1	-1	-1	-1	912
1	849	pinkfoot	583	-1	13277	-1	1429	-1	684	-1	916
1	849	barnacle	677.863	2.86306	14901.9	178.789	1208.04	0.107518	451.659	1.78213	916
1	849	greylag	-1	-1	-1	-1	-1	-1	-1	-1	916
1	850	pinkfoot	587	-1	37529	-1	1402	-1	610	-1	921
1	850	barnacle	682.077	2.86082	20982.6	258.628	1181.08	0.110911	467.952	1.89614	921
1	850	greylag	-1	-1	-1	-1	-1	-1	-1	-1	921
1	851	pinkfoot	596	-1	35719	-1	1434	-1	615	-1	925
1	851	barnacle	680.049	2.98939	17662.5	226.666	1213.06	0.115273	447.259	1.71608	925
1	851	greylag	-1	-1	-1	-1	-1	-1	-1	-1	925
1	852	pinkfoot	758	-1	11415	-1	1417	-1	701	-1	929
1	852	barnacle	714.651	3.07508	16866.5	230.693	1195.57	0.129682	447.095	2.34348	929
1	852	greylag	-1	-1	-1	-1	-1	-1	-1	-1	929
1	853	pinkfoot	588	-1	18951	-1	1381	-1	727	-1	933
1	853	barnacle	668.684	3.33696	16045.2	225.914	1159.54	0.134454	500.597	1.92757	933
1	853	greylag	-1	-1	-1	-1	-1	-1	-1	-1	933
1	854	pinkfoot	589	-1	23380	-1	1372	-1	727	-1	938
1	854	barnacle	732.296	3.31405	15468.5	233.895	1150.12	0.129463	489.785	2.59709	938
1	854	greylag	-1	-1	-1	-1	-1	-1	-1	-1	938
1	855	pinkfoot	391	-1	23380	-1	1400	-1	737	-1	942
1	855	barnacle	701.305	3.59054	14438.1	250.912	1177.08	0.136669	482.14	2.23972	942
1	855	greylag	-1	-1	-1	-1	-1	-1	-1	-1	942
