season	day	day_in_year	species	mean_weight	mean_weight_se	n
1	581	216	pinkfoot	-1	-1	0
1	581	216	barnacle	-1	-1	0
1	581	216	greylag	3333.77	0.567451	1765
1	588	223	pinkfoot	-1	-1	0
1	588	223	barnacle	-1	-1	0
1	588	223	greylag	3355.53	0.363031	4236
1	595	230	pinkfoot	-1	-1	0
1	595	230	barnacle	-1	-1	0
1	595	230	greylag	3362.47	0.242131	6707
1	602	237	pinkfoot	-1	-1	0
1	602	237	barnacle	-1	-1	0
1	602	237	greylag	3371.31	0.0355394	6780
1	609	244	pinkfoot	-1	-1	0
1	609	244	barnacle	-1	-1	0
1	609	244	greylag	3371.24	0.0433457	6393
1	616	251	pinkfoot	-1	-1	0
1	616	251	barnacle	-1	-1	0
1	616	251	greylag	3371.24	0.0507423	6007
1	623	258	pinkfoot	2725.55	0	664
1	623	258	barnacle	-1	-1	0
1	623	258	greylag	3371.22	0.0580963	5648
1	630	265	pinkfoot	2767.93	0.303463	5319
1	630	265	barnacle	-1	-1	0
1	630	265	greylag	3371.86	0.0529918	5344
1	637	272	pinkfoot	2774.99	0.183737	9973
1	637	272	barnacle	-1	-1	0
1	637	272	greylag	3371.68	0.0686917	5038
1	644	279	pinkfoot	2784.09	0.0515681	9156
1	644	279	barnacle	2024.22	0.441138	600
1	644	279	greylag	3370.76	0.0871679	4740
1	651	286	pinkfoot	2782.39	0.0654034	7410
1	651	286	barnacle	2045.34	0.412344	2000
1	651	286	greylag	3369.12	0.10493	4470
1	658	293	pinkfoot	2783.99	0.0765952	5998
1	658	293	barnacle	2052.63	0.292284	3400
1	658	293	greylag	3369.67	0.15074	4230
1	665	300	pinkfoot	2776.27	0.129541	4847
1	665	300	barnacle	2049.67	0.288727	4400
1	665	300	greylag	3362.65	0.278157	3981
1	672	307	pinkfoot	2782.26	0.101312	4171
1	672	307	barnacle	2049.42	0.427648	4400
1	672	307	greylag	3360.25	0.468415	3756
1	679	314	pinkfoot	2781.64	0.126651	4181
1	679	314	barnacle	2044.19	0.618416	4400
1	679	314	greylag	3353.17	0.77969	3550
1	686	321	pinkfoot	2775.71	0.227161	4180
1	686	321	barnacle	2036.09	0.862315	4298
1	686	321	greylag	3339.67	1.21552	3366
1	693	328	pinkfoot	2774.47	0.360217	4171
1	693	328	barnacle	2028.38	1.1801	3994
1	693	328	greylag	3324.56	1.81311	3179
1	700	335	pinkfoot	2757.55	0.694438	4174
1	700	335	barnacle	2017.28	1.33717	3596
1	700	335	greylag	3299.28	2.34544	2947
1	707	342	pinkfoot	2729.53	1.41814	4171
1	707	342	barnacle	2021.65	1.32456	3314
1	707	342	greylag	3274.48	2.74962	2800
1	714	349	pinkfoot	2724.88	1.77718	4101
1	714	349	barnacle	2039.5	1.05184	3099
1	714	349	greylag	3268.39	3.03486	2636
1	721	356	pinkfoot	2726.13	1.783	3971
1	721	356	barnacle	2027.2	1.0721	3099
1	721	356	greylag	3269	3.15784	2496
1	728	363	pinkfoot	2734.51	1.76658	3872
1	728	363	barnacle	2014.98	1.43293	3035
1	728	363	greylag	3281.23	3.18246	2389
1	736	6	pinkfoot	2741.41	1.6678	3811
1	736	6	barnacle	2017.84	1.47003	2947
1	736	6	greylag	3291.08	3.09668	2324
1	743	13	pinkfoot	2744.9	1.42424	4337
1	743	13	barnacle	2021.81	1.42743	2859
1	743	13	greylag	3295.96	3.02528	2255
1	750	20	pinkfoot	2747.04	1.22201	4828
1	750	20	barnacle	2017.16	1.23526	3511
1	750	20	greylag	3301.58	2.8034	2344
1	757	27	pinkfoot	2752.84	1.08566	5359
1	757	27	barnacle	2021.48	1.11739	4214
1	757	27	greylag	3311.99	2.49744	2474
1	764	34	pinkfoot	2758.3	0.947989	5946
1	764	34	barnacle	2022.61	1.03966	4984
1	764	34	greylag	3315.42	2.36357	2658
1	771	41	pinkfoot	2758.78	0.837488	6504
1	771	41	barnacle	2017.08	1.04203	5670
1	771	41	greylag	3312.91	2.3018	2837
1	778	48	pinkfoot	2762.49	0.763494	7071
1	778	48	barnacle	2020.09	1.0078	6298
1	778	48	greylag	3318.53	2.19041	3009
1	785	55	pinkfoot	2764.28	0.662082	7640
1	785	55	barnacle	2022.87	0.92743	6922
1	785	55	greylag	3316.44	2.1139	3181
1	792	62	pinkfoot	2766.72	0.620384	7945
1	792	62	barnacle	2029.26	0.816385	7611
1	792	62	greylag	3297.78	2.24495	3325
1	799	69	pinkfoot	2763.52	0.617754	7938
1	799	69	barnacle	2028.39	0.725674	8345
1	799	69	greylag	3295.5	2.21729	3412
1	806	76	pinkfoot	2765.08	0.637988	7924
1	806	76	barnacle	2029.67	0.7035	8948
1	806	76	greylag	3291.66	2.32194	3467
1	813	83	pinkfoot	2764.76	0.687431	6437
1	813	83	barnacle	2031.13	0.731369	8867
1	813	83	greylag	3301.29	3.78343	1233
1	820	90	pinkfoot	2768.84	0.732304	4416
1	820	90	barnacle	2035.88	0.690126	8807
1	820	90	greylag	-1	-1	0
1	827	97	pinkfoot	2770.47	0.976429	2368
1	827	97	barnacle	2040.77	0.678333	7410
1	827	97	greylag	-1	-1	0
1	834	104	pinkfoot	2774.22	2.15987	314
1	834	104	barnacle	2045.21	0.659502	6067
1	834	104	greylag	-1	-1	0
1	841	111	pinkfoot	2781.93	-1	1
1	841	111	barnacle	2048.26	0.658621	4670
1	841	111	greylag	-1	-1	0
1	848	118	pinkfoot	2782.02	-1	1
1	848	118	barnacle	2050.37	0.680749	3308
1	848	118	greylag	-1	-1	0
1	855	125	pinkfoot	2782.81	-1	1
1	855	125	barnacle	2054.07	0.696232	1928
1	855	125	greylag	-1	-1	0
