FarmRef	FarmCentroidX	FarmCentroidY	FarmType	FarmSize	FarmArableSize	NoFields	NoOpenFields	AreaOpenFields	NoHunters
0	12846	10207	33	420338	95739	44	33	345043	0
1	28406	9697	33	34080	34080	12	2	26640	0
2	15177	7066	33	485608	19350	70	32	466348	0
3	15420	13655	33	750670	348535	73	50	664335	1
4	12938	12240	33	262284	37868	34	17	213501	4
5	25952	10076	33	800107	134218	89	50	681008	1
6	30376	13517	33	1287688	37129	82	65	1281078	1
7	28390	6079	33	820572	87187	124	100	761571	1
8	25469	11701	33	387835	121391	92	32	337048	2
9	18106	10120	33	463541	62461	77	31	360539	1
10	29135	9030	33	1438137	1370511	49	37	1409336	3
11	33124	9741	34	549767	545049	22	20	534638	0
12	25098	5577	33	1469630	1205321	68	40	1300215	0
13	34734	13301	32	444624	444624	28	11	439329	0
14	6929	14161	35	118211	69566	11	6	93019	1
15	35697	13308	33	111673	110698	12	10	107513	0
16	18569	6057	41	1714429	1542127	66	44	1709828	1
17	10110	6827	33	202273	174062	16	13	202238	1
18	13796	6811	41	371305	291411	46	33	345166	2
19	29672	14482	41	2974070	2916788	212	156	2973633	1
20	11896	15932	33	198247	112451	53	15	180793	0
21	9387	18899	36	343871	258825	19	17	343561	1
22	4682	16577	33	190013	180714	9	6	184329	0
23	7221	10394	33	574917	0	39	39	574917	0
24	10265	19329	35	43576	0	5	5	43576	3
25	11231	17252	32	1123398	903956	97	86	1114712	1
26	26	11186	35	2105	0	1	0	0	1
27	10573	17044	33	1923722	1627067	95	84	1890614	0
28	9449	14473	35	33881	0	5	4	33874	0
29	1856	14900	34	89476	89476	10	10	89476	2
30	3090	14934	32	288414	288414	8	4	176125	1
31	1991	19292	35	49749	49749	12	11	49741	2
32	2288	20764	35	78677	55280	7	5	78673	4
33	1180	20789	35	48705	48705	2	2	48705	0
34	11544	16840	33	398436	267784	19	17	386750	1
35	13519	14151	35	72290	61686	5	2	72280	2
36	15350	6463	33	474927	456004	16	13	462749	1
37	536	15370	33	45895	45895	1	1	45895	2
38	83	16623	35	36153	36153	1	1	36153	1
39	6232	13689	35	44179	0	15	1	15694	2
40	20275	6989	33	335814	335814	8	8	335814	2
41	16285	13044	34	476143	456649	46	30	451990	1
42	4928	20356	35	37274	37274	6	3	35066	1
43	4275	20730	35	44387	44387	3	2	44375	1
44	4267	20354	35	146283	146283	12	8	124183	1
45	1737	15126	34	529162	529162	18	15	528800	3
46	998	15803	33	476131	381126	22	20	475285	0
47	849	8156	33	54493	44095	3	3	54493	2
48	27683	12287	36	642609	628187	51	37	638039	0
49	7304	23768	41	493873	14861	17	15	491037	0
50	19451	4676	33	244205	217346	26	17	217699	1
51	2109	22334	32	1221742	1221742	23	17	1196262	1
52	21425	6970	33	145130	85414	12	7	123750	3
53	29939	6583	33	210470	0	33	30	201472	1
54	34375	14837	35	42203	23572	6	2	25587	3
55	18238	13274	35	166895	150698	15	13	162396	0
56	29538	23859	34	33217	33217	1	1	33217	1
57	30763	17565	33	866710	695272	62	60	860424	2
58	29966	23558	33	180390	160207	10	3	151805	1
59	35778	20772	41	29903	29903	1	1	29903	2
60	31451	22744	33	117460	74651	5	4	103438	1
61	29550	16842	32	423839	406813	24	17	408075	2
62	12984	15755	35	45085	0	3	3	45085	1
63	4584	17203	33	317309	299696	12	10	307783	3
64	16940	14388	35	53615	0	4	4	53615	2
65	1560	19565	32	726814	726814	21	12	691948	3
66	2366	19602	36	380726	288825	21	19	371419	2
67	2147	17392	32	199210	199210	19	6	198850	2
68	4709	20346	41	1921926	1691029	81	71	1906299	1
69	4843	14439	32	2655034	2626692	100	64	2574905	2
70	7460	14732	35	84463	64782	9	6	65039	0
71	32530	20969	33	73871	0	11	8	59569	2
72	25202	14278	33	783115	0	196	179	781295	1
73	27323	7057	34	657545	657545	35	32	657522	2
74	17433	13657	33	1985027	1896518	108	72	1914183	4
75	39	9635	33	10636	10636	1	1	10636	2
76	33868	4474	34	397981	382909	18	8	336173	2
77	9376	6435	34	34354	30308	10	8	34350	0
78	13539	9125	41	654467	353688	44	31	605272	0
79	15407	8987	35	245297	179797	12	5	159346	0
80	16198	5967	36	275417	201688	22	13	206864	1
81	179	13021	34	87321	87321	3	3	87321	0
82	32922	13844	34	947126	942915	13	12	944074	1
83	27125	5731	33	745681	391026	35	34	736660	2
84	11934	15797	35	38101	0	8	8	38101	3
85	27401	6274	33	1389374	1275403	97	69	1357934	2
86	25108	9802	34	815167	815167	43	26	797838	1
87	1068	20753	32	1126169	1105799	32	29	1125073	3
88	25696	11637	33	2366020	2361460	328	262	2349316	2
89	7292	13699	33	1614326	1583199	57	42	1568624	3
90	10898	6994	35	61186	61186	216	5	3935	2
91	27670	10079	34	616069	616069	50	15	615971	1
92	2962	14758	33	229794	207930	10	6	154659	1
93	28905	9313	34	334606	334606	6	6	334606	1
94	34481	13872	34	1970266	1959515	48	34	1920519	3
95	1130	20053	36	37992	37992	1	1	37992	1
96	24244	2702	35	69363	46207	11	8	55472	1
97	16982	12327	33	580369	176385	52	39	561128	0
98	23504	6229	33	231272	23396	11	11	231272	3
99	35701	4670	33	201274	201274	7	3	169170	2
100	509	15425	32	431172	431172	9	8	426911	2
101	32535	23158	32	1705681	1670505	57	34	1549858	1
102	17110	6194	35	78160	64738	15	8	55400	0
103	544	12007	33	145266	145266	6	6	145266	1
104	11431	16834	35	92316	44737	7	6	88956	2
105	33663	6927	34	2839514	2839514	142	64	2672518	0
106	19169	4743	35	81856	73089	5	5	81856	1
107	35858	13066	33	108679	86394	6	6	108679	1
108	35009	5747	48	60327	0	6	2	23047	3
109	14435	13613	33	189614	183278	8	7	165514	0
110	27651	6318	33	1129839	950482	59	46	1116057	3
111	16188	7983	35	126208	125706	22	17	126132	1
112	2153	19816	34	507817	507817	9	9	507817	0
113	24941	12539	35	89490	89490	7	7	89490	1
114	15645	8351	36	351473	240249	20	17	333237	0
115	15076	5775	33	599302	492617	53	49	576244	1
116	33611	23659	48	33539	0	3	0	0	2
117	17366	15319	33	498251	48733	21	19	481151	2
118	35942	14225	35	10692	10692	1	0	0	1
119	555	10859	32	300321	294752	14	14	300321	1
120	16939	6178	35	97876	97822	11	10	93748	0
121	13141	10167	33	169896	139846	12	10	169891	1
122	7438	9828	35	155042	128961	37	7	145832	1
123	15911	7847	34	698239	663089	21	21	698239	2
124	16256	9116	35	107874	107874	5	5	107874	2
125	9299	20083	35	134993	0	27	25	134946	1
126	34616	23050	41	389980	389980	14	10	350053	2
127	7884	10020	33	286689	286689	14	8	278785	3
128	32806	23889	33	33040	33040	2	1	23394	0
129	22793	11952	33	224664	0	3	3	224664	0
130	34499	12255	35	61880	61880	9	5	38567	0
131	15024	5953	35	75017	66762	7	6	68322	2
132	26948	6351	34	1623650	1623650	47	41	1593352	2
133	27572	7124	35	106010	106010	5	4	101793	1
134	7587	15483	35	55755	0	12	10	42949	1
135	766	13376	34	240639	240639	5	5	240639	2
136	12988	16475	35	95486	95486	6	6	95486	6
137	25404	4881	33	664997	581297	25	21	628344	0
138	27551	12621	35	21629	21629	2	1	8879	2
139	12061	16086	34	205188	193747	12	10	174796	2
140	33978	22710	35	162741	162741	6	4	121557	2
141	14806	9109	33	26755	6598	4	2	23544	1
142	15895	11280	35	74874	69878	16	7	65221	0
143	35486	6413	33	725866	704309	26	17	645979	2
144	26073	7699	35	91165	89272	9	5	79246	1
145	17934	16619	35	28334	0	3	3	28334	3
146	5971	17619	34	298547	298547	8	8	298547	2
147	34773	6571	35	236093	27905	14	3	68902	2
148	826	16746	32	511699	511699	10	5	465751	0
149	35878	18708	35	17381	0	1	1	17381	1
150	33010	14438	35	72409	0	5	3	57108	0
151	33923	10946	35	100009	100009	2	2	100009	1
152	26656	6774	33	634265	618625	40	26	570886	6
153	33331	23079	35	43500	11285	5	2	32599	3
154	2992	8016	33	2105233	0	58	52	2105114	1
155	15373	14036	32	77658	66310	8	3	62655	0
156	6225	20199	35	19911	0	4	2	15336	2
157	17154	12723	35	26444	12088	6	4	26427	1
158	33154	11194	35	156024	156024	12	7	143951	2
159	12749	5735	43	72403	23622	8	5	49540	1
160	29122	7402	34	706963	706963	8	8	706963	3
161	35324	8652	35	24655	0	3	1	23004	1
162	16425	6777	35	162171	139560	16	8	129910	2
163	21463	6237	34	278478	250340	18	15	278412	1
164	5198	14176	35	45197	37079	4	4	45197	3
165	14405	15429	32	1036125	943875	33	22	1023301	1
166	539	17111	34	363558	352332	16	13	359355	1
167	4584	20647	34	354555	332976	8	6	332976	3
168	33649	11852	33	270411	270411	28	19	270400	1
169	17255	12053	33	471176	369502	44	40	460640	2
170	12053	12152	33	163543	67697	8	7	163536	2
171	35250	19227	35	146876	137812	11	5	135005	3
172	1955	22363	34	249174	230440	11	10	233508	3
173	35754	9081	43	5067	5067	1	0	0	0
174	35901	7583	35	77183	77183	6	6	77183	3
175	29852	16029	33	1889486	1568502	89	77	1810392	1
176	35958	3739	35	4844	4844	1	0	0	1
177	16710	5546	35	72843	41761	5	5	72843	2
178	34410	12003	34	362566	362566	25	16	348910	2
179	6283	13570	36	2467441	2256063	66	36	2203346	0
180	26246	12896	35	64125	64125	7	5	50597	1
181	13239	13301	35	59075	0	9	9	59075	0
182	31974	15230	33	1618522	1567402	127	124	1596389	1
183	14269	13866	34	261206	261206	21	12	247834	0
184	1528	16297	33	805936	805936	48	44	804301	1
185	28871	9290	33	430475	430475	14	8	430455	1
186	7060	16718	32	251034	238158	14	13	251032	1
187	18073	7823	35	111730	76268	10	3	68518	3
188	1141	16963	33	965605	952671	38	20	960301	2
189	4308	15559	43	94897	94897	5	4	85283	1
190	35090	12701	35	96155	73893	5	4	96119	1
191	34162	23833	35	19284	19284	3	2	13897	1
192	6	20213	48	838	838	1	0	0	1
193	659	14041	33	48153	48153	1	1	48153	0
194	13696	12741	33	263364	0	6	6	263364	0
195	27072	11795	36	3030381	2828877	102	72	2837003	1
196	33009	22180	35	105076	27212	10	5	89528	2
197	16534	5146	32	726456	609311	34	28	681630	2
198	1621	20659	32	1316176	1312278	24	23	1316175	1
199	5587	12479	33	664345	585055	41	36	641141	3
200	17193	6890	33	622864	555964	48	44	621308	0
201	18528	3687	35	41905	30861	6	3	23425	2
202	183	12630	34	39499	39499	2	1	37011	3
203	35692	11616	34	207005	207005	6	6	207005	1
204	34676	11850	35	25633	25633	2	2	25633	2
205	34925	20793	43	119356	115082	25	17	99009	4
206	15791	10762	35	25189	17391	4	2	18239	2
207	27006	10753	35	132653	132653	8	5	132635	3
208	34685	19242	32	1163991	1163991	44	25	1126257	4
209	15065	15530	35	112619	0	27	23	112432	4
210	34854	13425	32	1294293	1284847	28	19	1269636	2
211	5278	12789	32	5459194	4849615	177	135	5325313	1
212	8434	6651	41	2580970	263182	81	73	2565789	2
213	2209	19223	33	346654	309754	14	12	340534	3
214	35129	11207	35	60111	35625	8	4	46307	0
215	35280	8944	48	34933	10058	4	0	0	1
216	12812	15670	35	153176	106891	8	5	148030	2
217	5669	12542	33	1075337	995494	30	25	963608	0
218	10155	17728	35	50093	0	4	4	50093	1
219	35692	2819	35	137230	134089	6	2	64437	0
220	1573	15949	35	89649	89649	12	4	79291	1
221	30422	13479	33	423091	423091	40	39	422828	1
222	33063	11993	36	273498	260819	12	12	273498	0
223	35940	19715	33	25558	9907	4	2	15447	2
224	31014	10535	37	50942	50942	7	3	20981	2
225	17261	11260	35	87006	53858	7	5	75037	2
226	4886	16626	33	108602	108602	4	2	102926	0
227	28582	16239	33	1837326	1307590	145	116	1804456	1
228	35544	9140	35	138449	138449	11	10	135862	2
229	3748	17967	36	431133	418294	11	10	426633	0
230	3964	11217	36	607010	454620	23	17	536984	2
231	4837	18757	43	67260	67260	13	11	64771	1
232	27343	5786	35	36040	36040	3	3	36040	2
233	13794	13956	35	60241	35175	19	8	44493	3
234	25681	5126	33	407126	349472	25	23	407123	1
235	33643	21853	32	1096856	1079113	89	42	1021562	2
236	2964	19144	33	639596	608006	25	22	637640	2
237	2948	15102	35	52974	0	6	5	41426	2
238	9599	10254	33	1069061	779080	29	24	1068978	0
239	32793	21462	35	31561	22669	3	2	22669	0
240	5467	13366	32	1390781	1383727	52	31	1357611	1
241	35108	20155	32	1289385	1259997	20	17	1255510	4
242	5576	15966	33	101229	101229	8	6	100688	2
243	33448	3590	33	508067	295666	45	28	472495	2
244	4168	12665	32	1362742	1330220	38	32	1321474	0
245	6448	18276	33	201760	149335	25	19	196498	3
246	4607	15817	35	23916	12378	3	1	11538	0
247	287	8742	33	178964	0	12	11	175967	4
248	110	14265	35	41640	41640	3	3	41640	1
249	12375	15773	33	93465	81080	8	8	93465	3
250	28964	13522	36	2948071	2432193	117	93	2851410	1
251	28603	12304	33	1866334	1866334	52	40	1828661	0
252	33571	6156	36	260327	260327	8	7	241497	4
253	20704	5988	33	1708619	1407071	78	54	1548075	0
254	10043	17430	32	348944	308392	11	11	348944	4
255	20981	7921	34	870437	853640	41	28	786454	0
256	12023	13909	35	21617	0	4	3	14908	0
257	21657	6932	35	74877	74877	5	4	66031	1
258	17168	7286	33	81799	65398	9	6	74135	0
259	35275	10887	34	249578	249578	12	11	244468	1
260	29347	2779	35	385949	0	42	38	385615	2
261	28976	10137	35	42765	42765	3	3	42765	1
262	35077	8369	35	36249	36249	2	2	36249	1
263	16140	11514	35	64002	8481	5	3	57924	1
264	7672	14886	33	1572874	1333208	54	48	1520171	0
265	33604	12821	35	61774	61774	4	2	61772	1
266	29759	17173	33	663663	539525	62	27	613177	3
267	33858	23252	35	83680	67865	6	6	83680	1
268	107	20034	35	40254	40254	2	2	40254	0
269	35473	18597	33	207025	203795	14	13	207022	1
270	12892	7506	33	56482	0	4	4	56482	0
271	32265	10226	33	1641461	1581487	49	26	1617170	0
272	22563	9499	33	791251	791251	21	18	791248	3
273	12890	10171	33	1941853	1695981	89	73	1892198	1
274	3305	9152	33	269182	0	3	3	269182	0
275	27964	6528	37	72050	63152	6	5	70904	3
276	12833	14490	33	603021	411896	25	22	563415	4
277	8578	8669	33	507694	0	91	81	497917	1
278	32048	23163	33	228085	214971	11	9	209995	1
279	447	11317	48	38809	0	1	0	0	2
280	6300	13918	35	58786	49290	5	4	57073	0
281	5004	14456	35	43202	43202	2	2	43202	2
282	10364	17267	33	626738	406123	29	25	610867	0
283	18167	12019	33	54843	47753	15	10	24690	0
284	8857	23693	35	46059	46059	1	1	46059	0
285	12156	6369	33	108046	104149	118	18	99632	0
286	22131	6573	44	5715616	5542195	286	207	5557946	0
287	27791	15822	33	2204842	1317329	124	116	2145769	1
288	9977	20400	35	104617	0	8	7	99020	0
289	1929	12672	32	93732	93732	1	1	93732	2
290	30691	7240	35	44206	8047	4	4	44206	1
291	28599	10943	36	2596620	2596620	49	40	2582943	0
292	22049	8060	33	1845599	1753194	49	43	1779728	3
293	7277	15227	35	46893	46893	18	12	37029	2
294	14564	8938	36	363350	292168	21	14	307943	1
295	33152	23480	32	206658	206658	16	4	187322	2
296	32386	21769	33	145884	124888	10	6	104281	3
297	668	11048	33	138310	138310	2	1	136876	2
298	29727	7735	35	23815	23815	3	2	20171	1
299	2162	20740	35	94221	94221	3	3	94221	1
300	22293	9889	33	1349510	1340699	52	50	1345678	1
301	1533	18583	32	90662	90662	9	5	82648	4
302	26011	14230	32	159547	112213	16	15	159541	1
303	207	10392	33	109512	95959	11	9	109401	0
304	32890	21922	32	4604	4604	2	2	4604	0
305	24994	7164	35	108971	108971	11	4	108919	4
306	21661	10363	34	315672	310785	48	47	315666	3
307	34437	22112	36	2947651	2877942	94	46	2834780	0
308	35990	2705	35	897	0	1	0	0	1
309	12204	15808	32	519905	455487	46	34	517229	1
310	28220	3221	35	123892	0	3	2	123811	1
311	15413	7042	33	317848	107959	39	25	292383	1
312	30479	3171	33	897512	552760	65	58	876684	2
313	23161	12019	36	242477	242477	18	14	232774	1
314	24841	10486	33	1259962	1259962	40	18	1259659	1
315	34413	12521	35	34050	29574	4	3	30337	1
316	34835	22613	34	343313	343313	5	4	338134	2
317	34435	21456	32	1370462	1360102	73	60	1314751	2
318	35952	15068	33	18007	18007	2	2	18007	2
319	28566	16622	33	221296	72920	24	18	209155	6
320	30854	8626	35	117291	117291	10	7	98808	3
321	11240	5556	43	93253	0	16	10	89436	3
322	15825	7462	33	729048	627438	45	34	625343	0
323	35410	14814	32	783814	759353	15	11	766547	1
324	11963	15365	35	99040	84998	45	43	97143	1
325	24252	12813	33	1284521	1045171	48	39	1257150	0
326	34927	23336	32	194865	187900	5	5	194865	2
327	35130	17782	33	235869	235869	1	1	235869	1
328	35811	3982	34	101505	101505	7	3	71817	1
329	17137	10471	35	45507	20688	3	3	45507	0
330	33293	15035	32	291882	291882	3	3	291882	2
331	856	9403	35	41391	0	3	3	41391	2
332	6259	15626	33	181031	0	7	6	120458	1
333	2840	11493	32	4219708	4015802	136	90	4004741	2
334	16600	11394	33	1383352	1316421	91	71	1334411	0
335	5337	9529	35	42586	0	2	2	42586	3
336	28713	12264	33	354950	320070	15	11	320070	1
337	55	10386	33	57858	0	4	3	42624	1
338	12714	14944	35	47975	0	22	10	38627	2
339	24991	5980	33	340278	329584	16	13	337605	2
340	34463	15163	34	602988	597980	15	15	602988	3
341	14744	4277	33	175840	55127	19	14	134368	2
342	8355	23566	41	419874	301967	22	17	415400	2
343	32997	8132	33	18101	18101	2	0	0	1
344	6055	16779	33	1758309	1560941	60	55	1753034	1
345	17079	14468	35	84172	0	12	2	15178	2
346	2031	16376	32	475550	412811	24	21	453604	4
347	30711	3498	48	160381	0	8	7	160380	2
348	27328	7025	33	1157172	1132065	23	21	1148582	1
349	21377	8531	32	27060	27060	2	0	0	4
350	30563	11101	33	487626	487626	15	15	487626	1
351	23131	6144	33	1653210	1589127	95	63	1617681	0
352	17740	13632	32	10208700	0	264	244	10197563	4
353	13748	16500	35	144667	144667	4	4	144667	1
354	6328	17143	34	404650	404650	5	5	404650	2
355	34450	22526	35	24008	24008	4	0	0	2
356	10166	12077	35	116738	31845	32	27	111530	6
357	1312	14708	33	637919	569376	19	16	593878	1
358	30200	11754	34	1997005	1992722	38	34	1985656	2
359	14815	9309	35	109290	58801	16	9	96234	1
360	21928	6565	35	71027	71027	4	2	54805	1
361	356	12327	32	267709	267629	26	6	267391	0
362	27108	12913	36	1473724	1473724	39	26	1429500	2
363	13302	8388	32	43422	0	3	1	37420	1
364	33201	12074	34	278961	278961	16	8	278913	1
365	14993	6189	35	56402	45339	4	4	56402	0
366	31131	15042	33	2361714	2327377	96	81	2312494	0
367	33636	9479	34	1194051	1030180	17	16	1191737	2
368	23686	2541	35	72935	15025	8	7	68169	1
369	30500	10303	33	914691	914691	26	17	906909	1
370	27686	6903	35	64907	34727	4	4	64907	0
371	10928	14527	34	6390590	6306815	131	109	6270597	1
372	9567	23444	35	23351	0	4	0	0	0
373	4905	20777	35	63030	8793	5	1	20450	0
374	33994	20716	34	481458	481458	25	23	481429	0
375	21802	4702	36	591086	0	44	28	571340	0
376	26315	7862	33	688882	624498	31	23	644356	0
377	218	9697	33	58997	58997	5	5	58997	1
378	4919	16788	32	1697896	1548793	68	47	1669087	0
379	32335	21832	35	30052	8596	2	2	30052	2
380	2564	18700	35	167225	167225	6	6	167225	0
381	34059	19921	34	630838	630838	11	9	630809	1
382	35298	4780	43	25457	0	1	1	25457	1
383	20929	7107	33	1571564	1472731	50	41	1562020	0
384	31422	9531	34	997957	990229	23	21	933749	0
385	35739	18362	34	303403	269652	35	9	274182	3
386	23467	5596	33	2106865	1771317	70	56	2063628	1
387	33106	15931	35	92845	83044	14	3	70669	2
388	30015	5905	33	228332	0	6	6	228332	2
389	13971	13216	35	46368	46368	3	2	44521	1
390	23580	12506	35	70041	28225	6	5	69941	1
391	1072	21781	35	97723	97723	3	1	97705	1
392	23801	9221	34	3988523	3834140	188	142	3908146	1
393	31454	10091	33	1496546	1277215	69	59	1431356	1
394	3151	21164	35	136454	83210	9	5	108756	0
395	35734	9088	43	1232	1232	28	0	0	3
396	10321	22342	35	100051	0	12	9	81539	1
397	16560	15214	35	71193	0	10	10	71193	3
398	13603	8227	35	130061	106088	15	5	124431	0
399	740	12716	33	273207	273207	8	6	249369	2
400	4256	11470	35	38619	0	5	2	18486	2
401	26630	3460	34	52857	52857	1	1	52857	1
402	466	23325	34	203452	203452	8	2	196699	2
403	30056	5634	36	182105	163838	19	15	152261	3
404	31118	11716	34	284965	282576	18	8	284859	3
405	33592	22972	35	107664	31591	12	2	26293	0
406	19052	5149	34	251065	188926	19	17	231361	0
407	17238	7383	33	269659	239766	18	14	236420	3
408	6028	13808	35	45607	41446	6	2	31238	1
409	16633	5565	35	23081	10950	4	4	23081	0
410	9915	7678	48	213551	0	11	11	213551	1
411	32096	11229	41	794241	709509	31	25	781511	2
412	32125	13999	34	681818	643881	15	11	643881	2
413	27497	13586	33	3545095	3535774	148	111	3411306	2
414	31468	12693	33	751942	548354	64	44	670163	3
415	25713	14582	33	14089	0	14	12	14081	0
416	35864	11738	34	120807	120807	3	3	120807	1
417	35292	8001	33	705042	694120	22	20	692529	2
418	33804	14698	35	28803	28803	1	1	28803	1
419	35854	2397	33	38601	0	4	1	26489	1
420	30625	7546	35	88666	49602	11	5	41281	2
421	17184	11332	35	82861	0	11	11	82861	1
422	31738	11194	34	278966	278966	13	8	267605	1
423	1335	13934	33	46041	0	1	0	0	3
424	19139	3770	33	375408	0	35	22	373068	3
425	32169	13899	33	4079592	4077229	90	81	3947051	2
426	34915	21068	41	94105	94105	4	3	84334	2
427	29085	11150	33	355960	355960	12	10	347117	1
428	1396	7646	33	352276	0	17	15	351995	1
429	16082	8090	33	614886	516480	37	31	605581	0
430	31731	17689	36	1475591	1085414	123	80	1455148	1
431	34976	18797	34	680476	670007	16	13	661653	0
432	19339	13250	32	2978987	2578787	229	99	2935096	4
433	3639	19180	33	2761495	2633975	118	79	2745459	3
434	119	21640	35	44137	44137	3	2	40603	2
435	1968	10920	35	125417	44993	14	5	108204	0
436	33842	15848	33	150521	150521	8	7	147784	1
437	1336	12613	32	204098	204098	4	4	204098	0
438	23982	2649	35	31691	0	4	3	18593	0
439	16723	4482	35	120795	10681	17	16	119568	1
440	8244	14950	35	62528	57793	9	6	62481	0
441	34509	15115	35	116260	116260	3	3	116260	0
442	16016	13250	36	756795	674799	69	56	693046	2
443	4505	13540	35	136518	136518	6	5	136503	0
444	12628	7199	35	50768	0	6	5	50751	1
445	35997	13213	32	2	0	1	0	0	2
446	3473	17890	36	203389	161096	23	20	199823	2
447	1834	14604	34	82396	82396	3	2	66182	0
448	17039	13070	33	674572	583761	37	35	674565	0
449	25788	14793	35	176504	0	34	32	168433	1
450	363	19355	34	9514	9514	1	0	0	3
451	25036	9532	33	1061603	1061603	14	14	1061603	3
452	15558	7216	34	766506	766506	26	18	765355	3
453	34069	14188	36	444119	441934	21	15	425278	1
454	1713	18392	32	1833387	1833387	36	32	1833383	1
455	32877	11017	35	120083	52450	12	3	35602	1
456	112	13529	33	143117	143117	9	8	142029	0
457	34406	10431	33	1155656	1125116	34	29	1120673	1
458	27761	2821	33	209320	134451	16	15	209259	1
459	312	18263	33	118735	63162	12	9	95053	0
460	30979	17726	34	213111	176489	10	10	213111	1
461	35917	22953	34	116931	116931	2	2	116931	2
462	356	15914	34	214515	207645	6	5	214200	2
463	27069	12054	35	76815	67007	5	1	66944	1
464	16650	13656	35	203874	174994	17	9	203706	0
465	30922	6620	35	2692	0	6	3	2684	3
466	35773	20531	34	100147	100147	3	3	100147	2
467	32020	6441	35	48592	0	3	3	48592	1
468	18726	4993	33	368533	333141	34	28	276759	1
469	8552	23691	32	383209	383209	8	5	368696	2
470	344	14173	33	39424	39424	1	1	39424	3
471	34939	8418	34	174783	174783	6	6	174783	0
472	34381	13968	33	327703	318675	24	13	298150	4
473	26125	12665	33	545881	545881	28	21	539430	3
474	15612	12552	35	168974	0	44	2	163934	4
475	1303	19237	35	146514	146514	5	5	146514	0
476	33188	23828	35	59428	51818	6	1	49550	3
477	17250	12100	36	291433	253907	19	17	289134	2
478	10784	17489	33	683556	367415	35	33	671592	6
479	15442	8899	41	3260072	3034881	173	129	3185126	2
480	31284	12104	35	35180	35180	3	0	0	0
481	8699	9224	41	319132	208475	25	23	300807	3
482	34653	19752	32	546492	518302	28	20	449654	1
483	11937	13429	32	3088462	3050553	229	132	3060138	2
484	32200	8623	33	186221	166716	11	6	145188	2
485	9929	8582	36	3876435	3269474	140	110	3730146	0
486	16348	5327	34	392567	359088	12	12	392567	0
487	15223	4450	32	22773	22773	21	1	18695	1
488	34975	8495	41	253743	210909	12	9	245201	1
489	986	22440	35	96780	96780	4	1	86044	1
490	29381	23681	41	142389	0	14	14	142389	2
491	30453	23814	32	456648	456648	11	5	410197	2
492	1596	15484	33	263949	263949	12	11	263156	2
493	30664	12882	33	310839	310839	18	17	293652	3
494	993	23388	35	32131	27545	4	1	16168	2
495	35831	9704	32	282503	282503	12	9	267113	1
496	165	13521	35	29113	29113	1	1	29113	1
497	6111	12500	33	1358144	845892	58	46	1311523	2
498	5298	12642	35	156605	146219	9	7	153436	1
499	34321	11587	33	1521918	1521918	93	79	1486989	2
500	21962	4957	33	994591	53183	45	38	964661	2
501	25264	9910	34	596816	596816	53	45	583473	0
502	9576	19001	33	724467	511811	37	36	724375	0
503	35014	15098	33	330008	260439	17	16	327777	1
504	29184	7840	33	1027752	982851	39	34	1019907	1
505	9813	23302	35	178689	0	18	7	164936	1
506	15088	14727	34	461761	394847	25	23	458880	0
507	34260	18942	35	11570	11570	1	1	11570	1
508	878	11384	32	475301	475301	31	30	470131	0
509	15249	3489	43	162313	162313	12	7	146321	1
510	15557	4105	35	128478	59265	8	7	126153	1
511	17096	6244	33	150884	150884	13	12	138828	1
512	6693	10661	33	752670	52480	85	78	752453	1
513	15989	8798	35	98533	98533	8	3	68766	2
514	4326	18577	41	952825	946876	39	28	931197	3
515	9329	23379	35	127329	77711	22	11	88449	2
516	15520	16419	33	422989	0	18	13	418130	0
517	14917	5504	41	117445	66485	29	20	99471	1
518	9581	23312	34	195440	120725	8	6	184004	2
519	618	18226	35	115347	115347	9	6	101790	2
520	648	21960	34	1138704	1122712	26	25	1138682	3
521	11483	13518	35	27572	0	2	2	27572	2
522	5052	16462	33	138505	138505	19	9	138407	1
523	11439	13204	33	45891	0	2	2	45891	1
524	4473	14380	34	223535	223535	12	8	206747	2
525	13078	14813	36	344031	288600	24	22	339321	3
526	850	18714	35	74524	74524	1	1	74524	1
527	14740	9768	35	61509	61509	6	6	61509	2
528	14059	11908	32	1814100	1685055	129	85	1734708	1
529	1279	15792	33	425916	422627	8	7	411087	4
530	26792	10247	33	62783	61733	9	3	41619	2
531	2627	20956	32	935529	927017	28	20	928716	2
532	531	19414	32	738225	738225	36	31	738186	1
533	34300	6514	34	593368	593368	21	17	567035	1
534	24541	6525	33	950494	950494	35	26	873857	1
535	11036	7530	33	111048	61863	2	2	111048	1
536	6560	13838	35	83815	46204	14	5	83786	3
537	34748	14944	33	69442	69442	2	2	69442	1
538	19416	4310	33	853149	741992	41	31	621309	3
539	25036	2902	33	272984	248631	31	21	263392	1
540	22222	6183	33	398979	394154	29	21	391651	0
541	28726	14867	33	754870	693018	92	75	679068	3
542	32962	15963	35	65367	47969	13	3	39513	2
543	26375	9445	34	582604	568375	29	26	563111	0
544	33538	23186	35	72794	59199	15	3	68137	1
545	19350	4669	33	274723	195775	32	28	257042	1
546	34224	7533	32	2563114	2440173	93	56	2289751	1
547	34113	10943	33	127135	126573	9	9	127135	1
548	84	15751	35	4668	4668	3	2	4667	0
549	16239	9596	35	128201	116097	9	5	100318	4
550	12123	15290	33	120481	120481	11	11	120481	1
551	35054	21055	35	165732	165732	6	3	133854	3
552	32691	11466	34	508003	333784	15	10	333784	1
553	21647	6405	33	61870	61870	6	5	60557	0
554	26400	6997	35	60292	34328	15	13	52086	4
555	29458	14215	35	77290	77290	8	3	68290	4
556	34259	9732	34	324625	308398	19	10	292428	2
557	33807	5682	33	330398	135829	22	21	330397	2
