Year	Day	Height	Biomass	Grazed	Density	Cover	WeedBiomass	tovNum	InsectBiomass	LATotal	LAGreen	Digestability	GreenBiomass	DeadBiomass	GooseGrazing	SpilledGrain
n0	1	0.0739525	0	0	0	0.0110316	0	108	0.05	0.0184881	0.00462203	0	0	0	0	0
0	2	0.147905	0	0	0	0.0219415	0	108	0.05	0.0369763	0.00924407	0	0	0	0	0
0	3	0.221858	0	0	0	0.032731	0	108	0.05	0.0554644	0.0138661	0	0	0	0	0
0	4	0.29581	0	0	0	0.0434015	0	108	0.05	0.0739525	0.0184881	0	0	0	0	0
0	5	0.369763	0	0	0	0.0539543	0	108	0.05	0.0924407	0.0231102	0	0	0	0	0
0	6	0.443715	0	0	0	0.0643907	0	108	0.05	0.110929	0.0277322	0	0	0	0	0
0	7	0.517668	0.0031866	0	0.00209967	0.0747119	0	108	0.05	0.129417	0.0323542	0.8	0.000796651	0.00238995	0	0
0	8	0.59162	0.00691517	0	0.00434474	0.0849193	0	108	0.05	0.147905	0.0369763	0.8	0.00172879	0.00518638	0	0
0	9	0.665573	0.0112153	0	0.00673358	0.0950141	0	108	0.05	0.166393	0.0415983	0.8	0.00280382	0.00841145	0	0
0	10	0.739525	0.0308307	0	0.0177236	0.104998	0	108	0.05	0.184881	0.0462203	0.8	0.00770767	0.023123	0	0
0	11	0.813478	0.0474581	0	0.0261697	0.114871	0	108	0.05	0.203369	0.0508424	0.8	0.0118645	0.0355936	0	0
0	12	0.887431	0.0536768	0	0.0284391	0.124635	0	108	0.05	0.221858	0.0554644	0.8	0.0134192	0.0402576	0	0
0	13	0.961383	0.0536768	0	0.0273668	0.134292	0	108	0.05	0.240346	0.0600864	0.8	0.0134192	0.0402576	0	0
0	14	1.03534	0.0690653	0	0.0339331	0.143842	0	108	0.05	0.258834	0.0647085	0.8	0.0172663	0.051799	0	0
0	15	1.10929	0.103062	0	0.0488609	0.153287	0	108	0.05	0.277322	0.0693305	0.8	0.0257654	0.0772963	0	0
0	16	1.18324	0.131118	0	0.0600567	0.162627	0	108	0.05	0.29581	0.0739525	0.8	0.0327796	0.0983387	0	0
0	17	1.25719	0.131118	0	0.0580891	0.171865	0	108	0.05	0.314298	0.0785746	0.8	0.0327796	0.0983387	0	0
0	18	1.33115	0.131118	0	0.0562463	0.181001	0	108	0.05	0.332786	0.0831966	0.8	0.0327796	0.0983387	0	0
0	19	1.4051	0.143346	0	0.0596009	0.190035	0	108	0.0545809	0.351275	0.0878186	0.8	0.0358365	0.107509	0	0
0	20	1.47905	0.183248	0	0.0739186	0.198971	0	108	0.0697741	0.369763	0.0924407	0.8	0.045812	0.137436	0	0
0	21	1.553	0.24099	0	0.0943945	0.207807	0	108	0.09176	0.388251	0.0970627	0.8	0.0602474	0.180742	0	0
0	22	1.62696	0.272258	0	0.10364	0.216546	0	108	0.103666	0.406739	0.101685	0.8	0.0680646	0.204194	0	0
0	23	1.70091	0.272258	0	0.100803	0.225189	0	108	0.103666	0.425227	0.106307	0.8	0.0680646	0.204194	0	0
0	24	1.77486	0.272258	0	0.0981161	0.233736	0	108	0.103666	0.443715	0.110929	0.8	0.0680646	0.204194	0	0
0	25	1.84881	0.272258	0	0.0955691	0.24219	0	108	0.103666	0.462203	0.115551	0.8	0.0680646	0.204194	0	0
0	26	1.92277	0.272258	0	0.093151	0.250549	0	108	0.103666	0.480692	0.120173	0.8	0.0680646	0.204194	0	0
0	27	1.99672	0.272258	0	0.0908522	0.258817	0	108	0.103666	0.49918	0.124795	0.8	0.0680646	0.204194	0	0
0	28	2.07067	0.29659	0	0.0965881	0.266993	0	108	0.112931	0.517668	0.129417	0.8	0.0741476	0.222443	0	0
0	29	2.14462	0.29659	0	0.0943167	0.27508	0	108	0.112931	0.536156	0.134039	0.8	0.0741476	0.222443	0	0
0	30	2.21858	0.380194	0	0.118125	0.283077	0	108	0.144764	0.554644	0.138661	0.8	0.0950485	0.285146	0	0
0	31	2.29253	0.469496	0	0.142594	0.290986	0	108	0.178767	0.573132	0.143283	0.8	0.117374	0.352122	0	0
0	32	2.36648	0.501253	0	0.148895	0.298807	0	108	0.190859	0.59162	0.147905	0.8	0.125313	0.37594	0	0
0	33	2.44043	0.535094	0	0.155531	0.306542	0	108	0.203744	0.610108	0.152527	0.8	0.133774	0.401321	0	0
0	34	2.51439	0.607137	0	0.172758	0.314192	0	108	0.231176	0.628597	0.157149	0.8	0.151784	0.455353	0	0
0	35	2.58834	0.760339	0	0.211892	0.321758	0	108	0.289509	0.647085	0.161771	0.8	0.190085	0.570254	0	0
0	36	2.66229	0.8417	0	0.229829	0.32924	0	108	0.320488	0.665573	0.166393	0.8	0.210425	0.631275	0	0
0	37	2.73624	0.971193	0	0.259938	0.336639	0	108	0.369795	0.684061	0.171015	0.8	0.242798	0.728395	0	0
0	38	2.8102	1.15421	0	0.302927	0.343957	0	108	0.439482	0.702549	0.175637	0.8	0.288553	0.865659	0	0
0	39	2.88415	1.20267	0	0.309634	0.351195	0	108	0.457931	0.721037	0.180259	0.8	0.300666	0.901999	0	0
0	40	2.9581	1.30519	0	0.329752	0.358352	0	108	0.49697	0.739525	0.184881	0.8	0.326298	0.978895	0	0
0	41	3.03205	1.30519	0	0.323704	0.36543	0	108	0.49697	0.758014	0.189503	0.8	0.326298	0.978895	0	0
0	42	3.10601	1.30519	0	0.317874	0.372431	0	108	0.49697	0.776502	0.194125	0.8	0.326298	0.978895	0	0
0	43	3.17996	1.30519	0	0.31225	0.379354	0	108	0.49697	0.79499	0.198747	0.8	0.326298	0.978895	0	0
0	44	3.25391	1.30519	0	0.306822	0.3862	0	108	0.49697	0.813478	0.203369	0.8	0.326298	0.978895	0	0
0	45	3.32786	1.30519	0	0.301579	0.392972	0	108	0.49697	0.831966	0.207992	0.8	0.326298	0.978895	0	0
0	46	3.40182	1.30519	0	0.296512	0.399668	0	108	0.49697	0.850454	0.212614	0.8	0.326298	0.978895	0	0
0	47	3.47577	1.30519	0	0.291613	0.406291	0	108	0.49697	0.868942	0.217236	0.8	0.326298	0.978895	0	0
0	48	3.54972	1.38322	0	0.304023	0.41284	0	108	0.526679	0.887431	0.221858	0.8	0.345805	1.03741	0	0
0	49	3.62367	1.54709	0	0.334603	0.419318	0	108	0.589077	0.905919	0.22648	0.8	0.386774	1.16032	0	0
0	50	3.69763	1.97702	0	0.420854	0.425723	0	108	0.752775	0.924407	0.231102	0.8	0.494254	1.48276	0	0
0	51	3.77158	2.33768	0	0.489917	0.432059	0	108	0.890103	0.942895	0.235724	0.8	0.58442	1.75326	0	0
0	52	3.84553	2.62113	0	0.540938	0.438324	0	108	0.998031	0.961383	0.240346	0.8	0.655283	1.96585	5.29788	0
0	53	3.91948	3.0169	0	0.613255	0.44452	0	108	1.14872	0.979871	0.244968	0.8	0.754224	2.26267	5.36781	0
0	54	3.99344	3.43105	0	0.687112	0.450648	0	108	1.30642	0.998359	0.24959	0.8	0.857763	2.57329	5.43814	0
0	55	4.06739	3.75589	0	0.741188	0.456708	0	108	1.4301	1.01685	0.254212	0.8	0.938972	2.81692	5.50575	0
0	56	4.14134	3.98221	0	0.774547	0.462701	0	108	1.51628	1.03534	0.258834	0.8	0.995553	2.98666	5.57369	0
0	57	4.21529	3.98221	0	0.763564	0.468629	0	108	1.51628	1.05382	0.263456	0.8	0.995553	2.98666	5.63896	0
0	58	4.28925	4.10558	0	0.776212	0.474491	0	108	1.56325	1.07231	0.268078	0.8	1.02639	3.07918	5.70451	0
0	59	4.28925	4.10558	0	0.776212	0.474491	0.0770833	108	1.5926	1.07231	0.268078	0.8	1.02639	3.07918	5.70451	0
0	60	4.28925	4.10558	0	0.776212	0.474491	0.132372	108	1.61365	1.07231	0.268078	0.8	1.02639	3.07918	5.70451	0
0	61	4.28925	4.10558	0	0.776212	0.474491	0.23782	108	1.65381	1.07231	0.268078	0.8	1.02639	3.07918	5.70451	0
0	62	4.28925	4.3789	0	0.827888	0.474491	0.454968	108	1.84056	1.07231	0.268078	0.8	1.09473	3.28418	5.70451	0
0	63	4.28925	4.6591	0	0.880862	0.474491	0.672276	108	2.02999	1.07231	0.268078	0.8	1.16477	3.49432	5.70451	0
0	64	4.28925	4.6591	0	0.880862	0.474491	0.835737	108	2.09223	1.07231	0.268078	0.8	1.16477	3.49432	5.70451	0
0	65	4.28925	4.80619	0	0.908672	0.474491	1.02404	108	2.21994	1.07231	0.268078	0.8	1.20155	3.60464	5.70451	0
0	66	4.28925	5.25816	0	0.994122	0.474491	1.29391	108	2.49479	1.07231	0.268078	0.8	1.31454	3.94362	5.70451	0
0	67	4.28925	5.41241	0	1.02329	0.474491	1.48109	108	2.62479	1.07231	0.268078	0.8	1.3531	4.05931	5.70451	0
0	68	4.28925	5.41241	0	1.02329	0.474491	1.60801	108	2.67312	1.07231	0.268078	0.8	1.3531	4.05931	5.70451	0
0	69	4.28925	6.05869	0	1.14547	0.474491	1.90369	108	3.03178	1.07231	0.268078	0.8	1.51467	4.54402	5.70451	0
0	70	4.28925	6.38926	0	1.20797	0.474491	2.11907	108	3.23966	1.07231	0.268078	0.8	1.59731	4.79194	5.70451	0
0	71	4.28925	6.38926	0	1.20797	0.474491	2.25962	108	3.29317	1.07231	0.268078	0.8	1.59731	4.79194	5.70451	0
0	72	4.28925	6.56208	0	1.24064	0.474491	2.44263	108	3.42866	1.07231	0.268078	0.8	1.64052	4.92156	5.70451	0
0	73	0	0	0	0	0	0	108	0.05	0	0	0	0	0	0	0
0	74	0	0	0	0	0	0.325641	108	0.123992	0	0	0	0	0	0	0
0	75	0	0	0	0	0	0.687689	108	0.261847	0	0	0	0	0	0	0
0	76	0	0	0	0	0	0.94917	108	0.361409	0	0	0	0	0	0	0
0	77	0	0	0	0	0	1.15473	108	0.439677	0	0	0	0	0	0	0
0	78	0	0	0	0	0	1.2888	108	0.490728	0	0	0	0	0	0	0
0	79	0	0	0	0	0	1.45315	108	0.553307	0	0	0	0	0	0	0
0	80	0	0	0	0	0	1.6051	108	0.611162	0	0	0	0	0	0	0
0	81	0	0	0	0	0	1.75593	108	0.668593	0	0	0	0	0	0	0
0	82	0	0	0	0	0	1.92084	108	0.731384	0	0	0	0	0	0	0
0	83	0	0	0	0	0	0	108	0.05	0	0	0	0	0	0	0
0	84	0	0	0	0	0	0.131389	108	0.0500281	0	0	0	0	0	0	0
0	85	0	0	0	0	0	0.239167	108	0.0910659	0	0	0	0	0	0	0
0	86	0	0	0	0	0	0.308426	108	0.117437	0	0	0	0	0	0	0
0	87	0	0	0	0	0	0.393056	108	0.149661	0	0	0	0	0	0	0
0	88	0	0	0	0	0	0	108	0.05	0	0	0	0	0	0	0
0	89	0	0	0	0	0	0	108	0.05	0	0	0	0	0	0	0
0	90	0	0	0	0	0	0	108	0.05	0	0	0	0	0	0	0
0	91	0	0	0	0	0	0	108	0.05	0	0	0	0	0	0	0
0	92	0	0	0	0	0	0	108	0.05	0	0	0	0	0	0	0
0	93	0	0	0	0	0	0	108	0.05	0	0	0	0	0	0	0
0	94	0	0	0	0	0	0	108	0.05	0	0	0	0	0	0	0
0	95	0	0	0	0	0	0	108	0.05	0	0	0	0	0	0	0
0	96	0	0	0	0	0	0	108	0.05	0	0	0	0	0	0	0
0	97	0	0	0	0	0	0	108	0.05	0	0	0	0	0	0	0
0	98	0	0	0	0	0	0	108	0.05	0	0	0	0	0	0	0
0	99	0	0	0	0	0	0	108	0.05	0	0	0	0	0	0	0
0	100	0	0	0	0	0	0	108	0.05	0	0	0	0	0	0	0
0	101	0	0	0	0	0	0	108	0.05	0	0	0	0	0	0	0
0	102	0.295833	0.112625	0	0.0869133	0.0144496	0	108	0.05	0.0242583	0.0242583	0.8	0.112625	0	0	0
0	103	0.769167	0.333651	0	0.188592	0.0371359	0	108	0.127042	0.0630717	0.0630717	0.8	0.333651	0	0	0
0	104	1.11722	0.441547	0	0.20855	0.0534839	0	108	0.168125	0.0916122	0.0916122	0.8	0.441547	0	0	0
0	105	1.45806	0.583506	0	0.237385	0.0692237	0	108	0.222178	0.119561	0.119561	0.8	0.583506	0	0	0
0	106	1.7075	0.583506	0	0.215515	0.080577	0	108	0.222178	0.140015	0.140015	0.8	0.583506	0	2.74422	0
0	107	2.04694	0.78623	0	0.258039	0.0958045	0	108	0.299368	0.167849	0.167849	0.8	0.78623	0	3.21508	0
0	108	2.51139	1.53647	0	0.437568	0.116232	0	108	0.585031	0.205934	0.205934	0.8	1.53647	0	3.82098	0
0	109	3.13139	3.09983	0	0.750311	0.142783	0	108	1.1803	0.256774	0.256774	0.8	3.09983	0	4.55369	0
0	110	3.85028	5.02393	0	1.0358	0.172572	0	108	1.91293	0.315723	0.315723	0.8	5.02393	0	5.30268	0
0	111	4.57278	7.31072	0	1.31186	0.201468	0	108	2.78365	0.374968	0.374968	0.8	7.31072	0	5.94128	0
0	112	5.31306	10.0833	0	1.59721	0.239801	0	108	3.83935	0.456958	0.456332	0.8	10.0695	0.0138158	6.47951	0
0	113	6.09583	13.5233	0	1.90581	0.291514	0	108	5.14919	0.574375	0.572183	0.8	13.4717	0.0516014	6.92063	0
0	114	6.90667	17.6378	0	2.23075	0.341374	0	108	6.71584	0.696	0.692187	0.8	17.5412	0.096636	7.23821	0
0	115	7.54778	22.2854	0	2.60716	0.378301	0	108	8.48546	0.792167	0.787071	0.8	22.142	0.143349	7.38861	0
0	116	7.94806	24.2843	0	2.71392	0.4003	0	108	9.24657	0.852208	0.846312	0.8	24.1163	0.168013	7.4378	0
0	117	8.35028	26.4233	0	2.82593	0.42162	0	108	10.061	0.912542	0.905841	0.8	26.2293	0.194018	7.45236	0
0	118	9.07806	32.3505	0	3.20999	0.45829	0	108	12.3179	1.02171	1.01355	0.8	32.0923	0.258247	7.39025	0
0	119	9.86167	38.8836	0	3.57989	0.495178	0	108	14.8054	1.13925	1.12953	0.8	38.5517	0.331865	7.19531	0
0	120	12.5431	46.5474	0	3.43698	0.562848	0	108	17.7235	1.37912	1.37072	0.8	46.2638	0.283529	5.5285	0
0	121	15.9837	55.4825	0	3.26681	0.634082	0	108	21.1257	1.67558	1.66934	0.8	55.276	0.20651	1.11973	0
0	122	19.4914	65.5957	0	3.20113	0.69477	0	108	24.9764	1.97781	1.97378	0.8	65.462	0.133676	0.0088845	0
0	123	22.8119	76.7319	0	3.22242	0.742915	0	108	29.2167	2.26392	2.26197	0.8	76.6661	0.0658279	0.0088845	0
0	124	26.0423	88.8117	0	3.28417	0.783757	0	108	33.8162	2.55225	2.55225	0.8	88.8117	-5.2196e-007	0.0088845	0
0	125	29.6908	102.404	0	3.33665	0.846425	0	108	38.9918	3.12261	3.12261	0.8	102.404	-4.91917e-007	0.0088845	0
0	126	33.4103	117.265	0	3.40784	0.891657	0	108	44.6502	3.70408	3.70408	0.8	117.265	-4.74874e-007	0.0088845	0
0	127	36.7296	133.084	0	3.52731	0.920642	0	108	50.6734	4.22298	4.22298	0.8	133.084	-4.72713e-007	0.0088845	0
0	128	39.6334	149.64	0	3.68268	0.939563	0	108	56.9773	4.67693	4.67693	0.8	149.64	-4.7993e-007	0.0088845	0
0	129	42.9167	166.704	0	3.79592	0.950213	0	108	63.4748	5	5	0.8	166.704	-5.00112e-007	0.0088845	0
0	130	45.7689	183.909	0	3.93229	0.950213	0	108	70.0259	5	5	0.8	183.909	-5.51728e-007	0.0088845	0
0	131	47.7765	201.252	0	4.12601	0.950213	0	108	76.6296	5	5	0.8	201.252	-6.03757e-007	0.0088845	0
0	132	49.9102	218.732	0	4.29642	0.950213	0	108	83.2849	5	5	0.8	218.732	-6.56195e-007	0.0088845	0
0	133	52.1778	236.344	0	4.4444	0.950213	0	108	89.991	5	5	0.8	236.344	-7.09031e-007	0.0088845	0
0	134	54.3688	254.087	0	4.58899	0.950213	0	108	96.7469	5	5	0.8	254.087	-7.6226e-007	0.0088845	0
0	135	56.8745	271.957	0	4.69909	0.950213	0	108	103.551	5	5	0.8	271.957	-8.15872e-007	0.0088845	0
0	136	59.1016	289.953	0	4.82439	0.950213	0	108	110.404	5	5	0.8	289.953	-8.6986e-007	0.0088845	0
0	137	61.0008	308.072	0	4.96884	0.950213	0	108	117.302	5	5	0.8	308.072	-9.24216e-007	0.0088845	0
0	138	63.0604	326.31	0	5.09379	0.950213	0	108	124.247	5	5	0.8	326.31	-9.7893e-007	0.0088845	0
0	139	65.3042	344.664	0	5.19823	0.950213	0	108	131.236	5	5	0.8	344.664	-1.03399e-006	0.0088845	0
0	140	67.1593	363.133	0	5.32771	0.950213	0	108	138.268	5	5	0.8	363.133	-1.0894e-006	0.0088845	0
0	141	69.2303	381.712	0	5.43514	0.950213	0	108	145.342	5	5	0.8	381.712	-1.14514e-006	0.0088845	0
0	142	71.237	400.399	0	5.54284	0.950213	0	108	152.457	5	5	0.8	400.399	-1.2012e-006	0.0088845	0
0	143	73.2402	419.19	0	5.6464	0.950213	0	108	159.612	5	5	0.8	419.19	-1.25757e-006	0.0088845	0
0	144	75.1614	438.082	0	5.75203	0.950213	0	108	166.806	5	5	0.8	438.082	-1.31425e-006	0.0088845	0
0	145	76.9133	453.275	0	5.81769	0.950213	0	108	172.59	5	5	0.8	453.275	-1.35982e-006	0.0088845	0
0	146	78.7745	472.361	0	5.9212	0.950213	0	108	179.858	5	5	0.8	472.361	-1.41708e-006	0.0088845	0
0	147	80	491.538	0	6.06837	0.950213	0	108	187.16	5	5	0.8	491.538	-1.47461e-006	0.0088845	0
0	148	80	510.803	0	6.30621	0.950213	0	108	194.495	5	5	0.8	510.803	-1.53241e-006	0.0088845	0
0	149	80	530.154	0	6.54511	0.950213	0	108	201.863	5	5	0.8	530.154	-1.59046e-006	0.0088845	0
0	150	80	549.586	0	6.78501	0.950213	0	108	209.262	5	5	0.8	549.586	-1.64876e-006	0.0088845	0
0	151	80	569.095	0	7.02587	0.950213	0	108	216.691	5	5	0.8	569.095	-1.70729e-006	0.0088845	0
0	152	80	588.68	0	7.26765	0.950213	0	108	224.148	5	5	0.8	588.68	-1.76604e-006	0.0088845	0
0	153	80	608.335	0	7.51031	0.950213	0	108	231.632	5	5	0.8	608.335	-1.82501e-006	0.0088845	0
0	154	80	628.058	0	7.7538	0.950213	0	108	239.141	5	5	0.8	628.058	-1.88417e-006	0.0088845	0
0	155	77.5722	647.845	0	8.24521	0.950213	0	108	246.675	5	5	0.8	647.845	-1.94353e-006	0.0088845	0
0	156	60	667.691	0	10.9458	0.950213	0	108	254.232	5	5	0.8	667.691	-2.00307e-006	0.0088845	0
0	157	60	687.595	0	11.272	0.950213	0	108	261.811	5	5	0.8	687.595	-2.06278e-006	0.0088845	0
0	158	60	707.551	0	11.5992	0.950213	0	108	269.41	5	5	0.8	707.551	-2.12265e-006	0.0088845	0
0	159	60	727.557	0	11.9272	0.950213	0	108	277.027	5	5	0.8	727.557	-2.18267e-006	0.0088845	0
0	160	60	747.608	0	12.2559	0.950213	0	108	284.662	5	5	0.8	747.608	-2.24282e-006	0.0088845	0
0	161	60	767.701	0	12.5853	0.950213	0	108	292.312	5	5	0.8	767.701	-2.3031e-006	0.0088845	0
0	162	60	787.832	0	12.9153	0.950213	0	108	299.978	5	5	0.8	787.832	-2.3635e-006	0.0088845	0
0	163	60	807.997	0	13.2459	0.950213	0	108	307.656	5	5	0.8	807.997	-2.42399e-006	0.0088845	0
0	164	60	828.193	0	13.5769	0.950213	0	108	315.346	5	5	0.8	828.193	-2.48458e-006	0.0088845	0
0	165	60	848.415	0	13.9085	0.950213	0	108	323.045	5	5	0.8	848.416	-2.54525e-006	0.0088845	0
0	166	60	868.661	0	14.2403	0.950213	0	108	330.754	5	5	0.8	868.661	-2.60598e-006	0.0088845	0
0	167	60	888.925	0	14.5725	0.950213	0	108	338.47	5	5	0.8	888.925	-2.66678e-006	0.0088845	0
0	168	60	909.205	0	14.905	0.950213	0	108	346.192	5	5	0.8	909.205	-2.72762e-006	0.0088845	0
0	169	60	929.497	0	15.2376	0.950213	0	108	353.918	5	5	0.8	929.497	-2.78849e-006	0.0088845	0
0	170	60	949.796	0	15.5704	0.950213	0	108	361.647	5	5	0.8	949.796	-2.84939e-006	0.0088845	0
0	171	60	970.054	0	15.9025	0.950213	0	108	369.361	5	4.96503	0.8	963.269	6.78462	0.0088845	0
0	172	60	989.999	0	16.2295	0.950213	0	108	376.955	5	4.73316	0.8	937.164	52.8348	0.0088845	0
0	173	60	1009.61	0	16.551	0.950213	0	108	384.422	5	4.50974	0.8	910.616	98.9942	0.0088845	0
0	174	60	1028.87	0	16.8667	0.950213	0	108	391.755	5	4.29532	0.8	883.863	145.005	0.0088845	0
0	175	60	1047.72	0	17.1757	0.950213	0	108	398.933	5	4.07075	0.8	853.001	194.718	0.0088845	0
0	176	60	1066.15	0	17.4779	0.950213	0	108	405.951	5	3.85971	0.8	823.007	243.144	0.0088845	0
0	177	60	1084.04	0	17.7711	0.950213	0	108	412.761	5	3.60802	0.8	782.245	301.791	0.0088845	0
0	178	60	1101.29	0	18.0539	0.950213	0	108	419.33	5	3.34422	0.8	736.59	364.697	0.0088845	0
0	179	60	1117.93	0	18.3268	0.950213	0	108	425.668	5	3.11749	0.8	697.03	420.904	0.0088845	0
0	180	60	1133.87	0	18.5881	0.950213	0	108	431.736	5	2.87459	0.8	651.884	481.987	0.0088845	0
0	181	60	1148.99	0	18.8359	0.950213	0	108	437.493	5	2.61932	0.8	601.914	547.076	0.0088845	0
0	182	60	1163.39	0	19.072	0.950213	0	108	442.977	5	2.41707	0.8	562.401	600.992	0.0088845	0
0	183	60	1177.08	0	19.2964	0.950213	0	108	448.189	5	2.22998	0.8	524.973	652.108	0.0088845	0
0	184	60	1189.96	0	19.5076	0.950213	0	108	453.094	5	2.03362	0.8	483.986	705.977	0.0088845	0
0	185	60	1201.92	0	19.7036	0.950213	0	108	457.647	5	1.82393	0.8	438.444	763.476	0.0088845	0
0	186	60	1213	0	19.8853	0.950213	0	108	461.867	5	1.6409	0.8	398.082	814.92	0.0088845	0
0	187	60	1223	0	20.0491	0.950213	0	108	465.673	5	1.42871	0.8	349.461	873.537	0.0088845	0
0	188	60	1231.73	0	20.1922	0.950213	0	108	468.996	5	1.19995	0.8	295.601	936.124	0.0088845	0
0	189	60	1239.21	0	20.3148	0.950213	0	108	471.844	5	0.992898	0.8	246.081	993.125	0.0088845	0
0	190	60	1245.27	0	20.4143	0.950213	0	108	474.155	5	0.775906	0.8	193.243	1052.03	0.0088845	0
0	191	60	1249.8	0	20.4885	0.950213	0	108	475.878	5	0.556818	0.8	139.182	1110.62	0.0088845	0
0	192	60	1252.7	0	20.5361	0.950213	0	108	476.984	5	0.344088	0.8	86.2082	1166.5	0.0088845	0
0	193	60	1253.88	0	20.5555	0.950213	0	108	477.433	5	0.134537	0.8	33.7388	1220.14	0.0088845	0
0	194	59.9961	1253.88	0	20.5568	0.950213	0	108	477.433	5	9.4e-008	0.8	2.3573e-005	1253.88	0.0088845	0
0	195	59.9867	1253.88	0	20.5599	0.950213	0	108	477.433	5	9.4e-008	0.8	2.3573e-005	1253.88	0	0
0	196	59.9781	1253.88	0	20.5628	0.950213	0	108	477.433	5	9.4e-008	0.8	2.3573e-005	1253.88	0	0
0	197	59.9685	1253.88	0	20.5661	0.950213	0	108	477.433	5	9.4e-008	0.8	2.3573e-005	1253.88	0	0
0	198	59.9584	1253.88	0	20.5695	0.950213	0	108	477.433	5	9.4e-008	0.8	2.3573e-005	1253.88	0	0
0	199	59.9484	1253.88	0	20.5729	0.950213	0	108	477.433	5	9.4e-008	0.791062	2.3573e-005	1253.88	0	0
0	200	59.9385	1253.88	0	20.5762	0.950213	0	108	477.433	5	9.4e-008	0.774888	2.3573e-005	1253.88	0	0
0	201	59.929	1253.88	0	20.5794	0.950213	0	108	477.433	5	9.4e-008	0.758705	2.3573e-005	1253.88	0	0
0	202	59.9197	1253.88	0	20.5825	0.950213	0	108	477.433	5	9.4e-008	0.742516	2.3573e-005	1253.88	0	0
0	203	59.9107	1253.88	0	20.5856	0.950213	0	108	477.433	5	9.4e-008	0.72636	2.3573e-005	1253.88	0	0
0	204	59.9008	1253.88	0	20.5889	0.950213	0	108	477.433	5	9.4e-008	0.710453	2.3573e-005	1253.88	0	0
0	205	59.8893	1253.88	0	20.5928	0.950213	0	108	477.433	5	9.4e-008	0.694813	2.3573e-005	1253.88	0	0
0	206	59.8784	1253.88	0	20.5965	0.950213	0	108	477.433	5	9.4e-008	0.679455	2.3573e-005	1253.88	0	0
0	207	59.8675	1253.88	0	20.6002	0.950213	0	108	477.433	5	9.4e-008	0.664421	2.3573e-005	1253.88	0	0
0	208	59.8555	1253.88	0	20.6043	0.950213	0	108	477.433	5	9.4e-008	0.64972	2.3573e-005	1253.88	0	0
0	209	59.844	1253.88	0	20.6081	0.950213	0	108	477.433	5	9.4e-008	0.635456	2.3573e-005	1253.88	0	0
0	210	59.833	1253.88	0	20.6119	0.950213	0	108	477.433	5	9.4e-008	0.621699	2.3573e-005	1253.88	0	0
0	211	59.8218	1253.88	0	20.6157	0.950213	0	108	477.433	5	9.4e-008	0.608423	2.3573e-005	1253.88	0	0
0	212	59.8108	1253.88	0	20.6194	0.950213	0	108	477.433	5	9.4e-008	0.595712	2.3573e-005	1253.88	0	0
0	213	59.7993	1253.88	0	20.6233	0.950213	0	108	477.433	5	9.4e-008	0.583655	2.3573e-005	1253.88	0	0
0	214	59.7859	1253.88	0	20.6278	0.950213	0	108	477.433	5	9.4e-008	0.572168	2.3573e-005	1253.88	0	0
0	215	59.7721	1253.88	0	20.6325	0.950213	0	108	477.433	5	9.4e-008	0.561251	2.3573e-005	1253.88	0	0
0	216	59.7632	1253.88	0	20.6356	0.950213	0	108	477.433	5	9.4e-008	0.550977	2.3573e-005	1253.88	0	0
0	217	59.7548	1253.88	0	20.6384	0.950213	0	108	477.433	5	9.4e-008	0.541442	2.3573e-005	1253.88	0	0
0	218	59.7461	1253.88	0	20.6414	0.950213	0	108	477.433	5	9.4e-008	0.532604	2.3573e-005	1253.88	0	0
0	219	59.7379	1253.88	0	20.6441	0.950213	0	108	477.433	5	9.4e-008	0.524632	2.3573e-005	1253.88	0	0
0	220	59.7289	1253.88	0	20.6472	0.950213	0	108	477.433	5	9.4e-008	0.517671	2.3573e-005	1253.88	0	0
0	221	59.7192	1253.88	0	20.6505	0.950213	0	108	477.433	5	9.4e-008	0.511705	2.3573e-005	1253.88	0	0
0	222	59.709	1253.88	0	20.654	0.950213	0	108	477.433	5	9.4e-008	0.506865	2.3573e-005	1253.88	0	0
0	223	59.698	1253.88	0	20.6577	0.950213	0	108	477.433	5	9.4e-008	0.503256	2.3573e-005	1253.88	0	0
0	224	59.6867	1253.88	0	20.6616	0.950213	0	108	477.433	5	9.4e-008	0.50094	2.3573e-005	1253.88	0	0
0	225	59.6752	1253.88	0	20.6655	0.950213	0	108	477.433	5	9.4e-008	0.5	2.3573e-005	1253.88	0	0
0	226	59.6646	1253.88	0	20.6691	0.950213	0	108	477.433	5	9.4e-008	0.5	2.3573e-005	1253.88	0	0
0	227	59.6541	1253.88	0	20.6727	0.950213	0	108	477.433	5	9.4e-008	0.5	2.3573e-005	1253.88	0	0
0	228	59.646	1253.88	0	20.6754	0.950213	0	108	477.433	5	9.4e-008	0.5	2.3573e-005	1253.88	0	0
0	229	59.6379	1253.88	0	20.6782	0.950213	0	108	477.433	5	9.4e-008	0.5	2.3573e-005	1253.88	0	0
0	230	59.6296	1253.88	0	20.6811	0.950213	0	108	477.433	5	9.4e-008	0.5	2.3573e-005	1253.88	0	0
0	231	59.6208	1253.88	0	20.684	0.950213	0	108	477.433	5	9.4e-008	0.5	2.3573e-005	1253.88	0	0
0	232	59.6115	1253.88	0	20.6872	0.950213	0	108	477.433	5	9.4e-008	0.5	2.3573e-005	1253.88	0	0
0	233	59.6024	1253.88	0	20.6903	0.950213	0	108	477.433	5	9.4e-008	0.5	2.3573e-005	1253.88	0	0
0	234	59.5937	1253.88	0	20.6933	0.950213	0	108	477.433	5	9.4e-008	0.5	2.3573e-005	1253.88	0	0
0	235	59.5844	1253.88	0	20.6965	0.950213	0	108	477.433	5	9.4e-008	0.5	2.3573e-005	1253.88	0	0
0	236	5	68.9636	0	11.4939	0.152106	0	108	190.973	0.275	0.165	0.5	41.3781	27.5854	0	148.596
0	237	6.56083	70.2798	0	9.29525	0.195616	0.306592	108	26.8767	0.362797	0.217678	0.518729	42.1679	28.1119	7.1202	146.367
0	238	7.42208	71.9547	0	8.54357	0.227363	0.6041	108	27.6277	0.429909	0.284079	0.54157	47.5468	24.4079	7.36624	144.172
0	239	7.42208	74.1864	0	8.80855	0.25184	0.972976	108	28.6179	0.483564	0.391388	0.570401	60.0452	14.1412	7.36624	142.009
0	240	7.56292	77.3035	0	9.02771	0.318048	1.37074	108	29.9563	0.637992	0.573495	0.607886	69.4886	7.81488	7.39107	139.879
0	241	7.81247	81.4065	0	9.23764	0.404024	1.73839	108	31.6585	0.862592	0.798095	0.652849	75.3196	6.08684	7.42495	137.781
0	242	8.02225	86.2396	0	9.55855	0.467853	2.04744	108	33.6165	1.05139	0.986895	0.700327	80.9493	5.29031	7.44304	135.714
0	243	8.20636	91.6414	0	9.95414	0.518214	2.31868	108	35.7765	1.21709	1.1526	0.747463	86.7851	4.85631	7.45115	133.678
0	244	8.38697	97.544	0	10.3914	0.562984	2.59352	108	38.1287	1.37964	1.31515	0.793001	92.984	4.56008	7.45196	131.673
0	245	8.05316	89.3963	3	9.87459	0.637141	2.48692	108	40.8561	1.44681	1.4056	0.8	101.423	2.97356	7.32503	129.698
0	246	9.03983	96.3277	3	9.59456	0.645064	2.74386	108	37.7228	1.72636	1.7016	0.8	94.9459	1.38187	7.39635	127.753
0	247	8.56402	88.9322	3	9.29862	0.698954	2.5637	108	40.7144	1.71205	1.70467	0.8	103.484	0.44782	7.14428	125.836
0	248	9.54902	96.4491	3	9.14295	0.697199	2.59035	108	37.7106	1.99113	2.00017	0.8	96.887	-0.437883	7.28886	123.949
0	249	8.9422	89.4727	3	8.99929	0.739819	2.21843	108	40.7657	1.92178	1.94226	0.8	105.586	-1.11328	6.96655	122.09
0	250	10.0045	97.3654	3	8.84775	0.73649	2.21843	108	37.9179	2.22277	2.26096	0.8	99.038	-1.67261	7.14609	120.258
0	251	9.37783	91.1243	3	8.78067	0.806111	1.90487	108	41.2529	2.34767	2.38221	0.8	107.686	-1.56147	6.72172	118.454
0	252	10.2741	99.9932	3	8.86925	0.822941	1.90487	108	38.799	2.88545	2.91999	0.8	101.19	-1.19705	7.03967	116.678
0	253	9.67513	94.5222	3	8.85443	0.873607	1.64398	108	42.4273	2.97514	3.00495	0.8	110.62	-1.09745	6.55031	114.927
0	254	9.08869	88.5756	3	8.7797	0.8533	1.4059	108	40.0637	2.73567	2.76116	0.8	104.541	-0.965248	6.87757	113.203
0	255	10.0984	96.7943	3	8.7215	0.806291	1.4059	108	37.391	2.73567	2.76116	0.8	97.6964	-0.902051	7.11068	111.505
0	256	9.51648	89.8845	3	8.54701	0.806291	1.20484	108	40.4715	2.34443	2.36628	0.8	105.862	-0.977446	6.61545	109.833
0	257	10.3935	97.1713	3	8.52864	0.755039	1.20484	108	37.458	2.34443	2.36628	0.8	98.0769	-0.905565	6.98837	108.185
0	258	9.65327	89.3413	3	8.38629	0.755039	1.03163	108	40.1881	2.00739	2.0261	0.8	105.314	-0.972384	6.51047	106.563
0	259	10.5105	95.7429	3	8.31788	0.700139	1.03163	108	36.8482	2.00739	2.0261	0.8	96.6351	-0.892253	6.93406	104.964
0	260	9.7462	87.0392	3	8.09953	0.700139	0.879978	108	39.2456	1.7123	1.72826	0.8	102.99	-0.95093	6.41158	103.39
0	261	10.7405	92.6035	3	7.88754	0.642057	0.879978	108	35.5951	1.7123	1.72826	0.8	93.4665	-0.862996	6.81991	101.839
0	262	11.4391	98.0742	3	7.88434	0.642057	0.879978	108	37.6781	1.7123	1.72826	0.8	98.9882	-0.913979	6.40265	100.311
0	263	10.3416	87.3762	3	7.70407	0.642057	0.751045	108	39.3161	1.46142	1.47504	0.8	103.33	-0.95407	5.89664	98.8066
0	264	11.14	92.0955	3	7.58612	0.583909	0.751045	108	35.3525	1.46142	1.47504	0.8	92.9537	-0.858262	6.59435	97.3245
0	265	11.8848	96.7325	3	7.50751	0.583909	0.751045	108	37.1181	1.46142	1.47504	0.8	97.6339	-0.901475	6.08145	95.8646
0	266	10.8387	86.2876	3	7.28861	0.583909	0.63982	108	38.8526	1.24499	1.2566	0.8	102.232	-0.943925	5.36147	94.4267
0	267	11.4741	89.4602	3	7.17168	0.526212	0.63982	108	34.3068	1.24499	1.2566	0.8	90.2939	-0.833703	6.37902	93.0103
0	268	12.0538	91.7966	3	7.03219	0.526212	0.63982	108	35.1964	1.24499	1.2566	0.8	92.6521	-0.855476	5.94796	91.6151
0	269	12.5713	93.3258	3	6.87672	0.526212	0.63982	108	35.7786	1.24499	1.2566	0.8	94.1955	-0.869727	5.50267	90.2409
0	270	13.4073	97.078	3	6.73812	0.526212	0.63982	108	37.2074	1.24499	1.2566	0.8	97.9827	-0.904695	4.66047	88.8873
0	271	12.3091	85.7601	3	6.44371	0.526212	0.544571	108	38.6094	1.05965	1.06953	0.8	101.699	-0.93901	3.38412	87.554
0	272	13.2248	88.9428	3	6.25266	0.470484	0.544571	108	34.0735	1.05965	1.06953	0.8	89.7717	-0.828881	4.85753	86.2406
0	273	14.0605	92.0647	3	6.11299	0.470484	0.544571	108	35.2622	1.05965	1.06953	0.8	92.9226	-0.857974	3.89957	84.947
0	274	14.8931	95.1261	3	5.98537	0.470484	0.544571	108	36.4279	1.05965	1.06953	0.8	96.0126	-0.886505	2.79379	83.6728
0	275	15.9257	98.1278	3	5.79757	0.470484	0.544571	108	37.5708	1.05965	1.06953	0.8	99.0422	-0.914478	1.21553	82.4177
0	276	14.3303	86.0701	3	5.61439	0.470484	0.46375	108	38.6911	0.902388	0.910797	0.8	102.012	-0.941898	0.0088845	81.1815
0	277	15.181	88.5995	3	5.47553	0.418086	0.46375	108	33.912	0.902388	0.910797	0.8	89.4252	-0.825682	2.37721	79.9638
0	278	16.1315	91.0779	3	5.31639	0.418086	0.46375	108	34.8557	0.902388	0.910797	0.8	91.9266	-0.848778	0.872854	78.7643
0	279	16.3076	91.0403	3	5.26012	0.417956	0.46375	108	34.8414	0.902015	0.910425	0.8	91.8891	-0.848778	0.57266	77.5828
0	280	16.3042	90.9972	3	5.25867	0.417807	0.46375	108	34.825	0.901589	0.909998	0.8	91.846	-0.848778	0.578386	76.4191
0	281	16.2998	90.9408	3	5.25677	0.417612	0.46375	108	34.8035	0.90103	0.909439	0.8	91.7896	-0.848778	0.58697	75.2728
0	282	16.2957	90.8896	3	5.25504	0.417434	0.46375	108	34.784	0.900523	0.908932	0.8	91.7384	-0.848778	0.59555	74.1437
0	283	16.2922	90.8459	3	5.25356	0.417283	0.46375	108	34.7673	0.900089	0.908498	0.8	91.6946	-0.848778	0.601266	73.0316
0	284	16.2881	90.794	3	5.25181	0.417103	0.46375	108	34.7476	0.899575	0.907985	0.8	91.6428	-0.848778	0.60698	71.9361
0	285	16.2832	90.7317	3	5.24971	0.416887	0.46375	108	34.7239	0.898958	0.907368	0.8	91.5805	-0.848778	0.615547	70.857
0	286	16.2784	90.6709	3	5.24765	0.416676	0.46375	108	34.7007	0.898355	0.906765	0.8	91.5196	-0.848778	0.624108	69.7942
0	287	16.2726	90.5986	0	5.24521	0.416426	0.46375	65	34.6732	0.897639	0.906049	0.8	91.4474	-0.848778	0.632664	68.7473
0	288	16.2654	90.5257	0	5.24318	0.416173	0.46375	65	14.1524	0.896917	0.905326	0.8	91.3745	-0.848778	0.646912	67.7161
0	289	16.2605	90.4763	0	5.24181	0.416001	0.46375	65	14.1461	0.896428	0.904837	0.8	91.3251	-0.848778	0.655454	66.7003
0	290	16.2552	90.4224	0	5.24031	0.415814	0.46375	65	14.1392	0.895894	0.904303	0.8	91.2712	-0.848778	0.66399	65.6998
0	291	16.2503	90.3735	0	5.23894	0.415644	0.46375	65	14.1329	0.895409	0.903818	0.8	91.2223	-0.848778	0.672521	64.7143
0	292	16.2472	90.3414	0	5.23805	0.415533	0.46375	65	14.1288	0.895091	0.9035	0.8	91.1902	-0.848778	0.678205	63.7436
0	293	16.2452	90.3215	0	5.23749	0.415464	0.46375	65	14.1262	0.894894	0.903303	0.8	91.1703	-0.848778	0.681046	62.7875
0	294	16.2436	90.3058	0	5.23705	0.415409	0.46375	65	14.1242	0.894738	0.903147	0.8	91.1546	-0.848778	0.683887	61.8457
0	295	16.2411	90.2801	0	5.23634	0.41532	0.46375	65	14.1209	0.894483	0.902893	0.8	91.1288	-0.848778	0.686727	60.918
0	296	16.2381	90.2503	0	5.23551	0.415216	0.46375	65	14.1171	0.894189	0.902598	0.8	91.0991	-0.848778	0.692406	60.0042
0	297	16.2355	90.2236	0	5.23476	0.415123	0.46375	65	14.1136	0.893923	0.902333	0.8	91.0723	-0.848778	0.698081	59.1041
0	298	16.2318	90.1869	0	5.23373	0.414996	0.46375	65	14.1089	0.89356	0.901969	0.8	91.0356	-0.848778	0.703755	58.2176
0	299	16.2279	90.1475	0	5.23263	0.414859	0.46375	65	14.1039	0.89317	0.901579	0.8	90.9963	-0.848778	0.709426	57.3443
0	300	16.2235	90.1023	0	5.23137	0.414701	0.46375	65	14.0981	0.892722	0.901132	0.8	90.9511	-0.848778	0.717929	56.4841
0	301	16.2196	90.0629	0	5.23027	0.414564	0.46375	65	14.093	0.892332	0.900741	0.8	90.9117	-0.848778	0.723594	55.6369
0	302	16.2164	90.0311	0	5.22938	0.414454	0.46375	65	14.0889	0.892016	0.900426	0.766573	90.8799	-0.848778	0.729257	54.8023
0	303	16.213	89.9967	0	5.22841	0.414334	0.46375	65	14.0845	0.891675	0.900085	0.725761	90.8454	-0.848778	0.734917	53.9803
0	304	16.2097	89.9634	0	5.22748	0.414218	0.46375	65	14.0802	0.891345	0.899755	0.690467	90.8122	-0.848778	0.740575	53.1706
0	305	16.2065	89.9309	0	5.22657	0.414105	0.46375	65	14.076	0.891023	0.899433	0.655822	90.7797	-0.848778	0.746231	52.373
0	306	16.2051	89.917	0	5.22618	0.414056	0.46375	65	14.0743	0.890886	0.899295	0.621798	90.7658	-0.848778	0.749058	51.5874
0	307	16.2034	89.8997	0	5.2257	0.413996	0.46375	65	14.072	0.890714	0.899124	0.588433	90.7485	-0.848778	0.751884	50.8136
0	308	16.2024	89.8901	0	5.22543	0.413963	0.46375	65	14.0708	0.89062	0.899029	0.55571	90.7389	-0.848778	0.75471	50.0514
0	309	16.2006	89.8715	0	5.22491	0.413898	0.46375	65	14.0684	0.890435	0.898845	0.527577	90.7203	-0.848778	0.757535	49.3007
0	310	16.1989	89.8539	0	5.22441	0.413837	0.46375	65	14.0662	0.890261	0.898671	0.5	90.7027	-0.848778	0.76036	48.5611
0	311	16.1973	89.8381	0	5.22397	0.413781	0.457917	65	14.0632	0.890104	0.898514	0.5	90.6869	-0.848778	0.763184	47.8327
0	312	16.1956	89.8211	0	5.22349	0.413722	0.41325	65	14.0543	0.889936	0.898345	0.5	90.6699	-0.848778	0.766007	47.1152
0	313	16.1943	89.8083	0	5.22313	0.413678	0.37975	65	14.0476	0.889809	0.898219	0.5	90.6571	-0.848778	0.766007	46.4085
0	314	16.1927	89.7922	0	5.22268	0.413622	0.337417	65	14.0392	0.88965	0.898059	0.5	90.641	-0.848778	0.76883	45.7124
0	315	16.1905	89.7691	0	5.22203	0.413541	0.276584	65	14.027	0.889421	0.89783	0.5	90.6179	-0.848778	0.774474	45.0267
0	316	16.1871	89.7348	0	5.22107	0.413421	0.186472	65	14.009	0.889081	0.897491	0.5	90.5836	-0.848778	0.780115	44.3513
0	317	16.1823	89.6865	0	5.21971	0.413253	0.0594169	65	13.9836	0.888602	0.897012	0.5	90.5353	-0.848778	0.788573	43.686
0	318	16.1781	89.6442	0	5.21852	0.413105	0	65	13.9692	0.888183	0.896593	0.5	90.493	-0.848778	0.794208	43.0307
0	319	16.1733	89.5958	0	5.21716	0.412936	0	65	13.963	0.887703	0.896113	0.5	90.4446	-0.848778	0.802657	42.3853
0	320	16.17	89.5623	0	5.21622	0.412819	0	65	13.9587	0.887372	0.895781	0.5	90.4111	-0.848778	0.808286	41.7495
0	321	16.1678	89.5401	0	5.21559	0.412742	0	65	13.9558	0.887151	0.895561	0.5	90.3889	-0.848778	0.8111	41.1233
0	322	16.1662	89.5242	0	5.21515	0.412687	0	65	13.9538	0.886994	0.895404	0.5	90.373	-0.848778	0.813913	40.5064
0	323	16.1653	89.5151	0	5.21489	0.412655	0	65	13.9526	0.886904	0.895314	0.5	90.3639	-0.848778	0.816726	39.8988
0	324	16.1646	89.5087	0	5.21471	0.412632	0	65	13.9518	0.88684	0.89525	0.5	90.3574	-0.848778	0.816726	39.3003
0	325	16.1646	89.5087	0	5.21471	0.412632	0	65	13.9518	0.88684	0.89525	0.5	90.3574	-0.848778	0.816726	38.7108
0	326	16.1646	89.5081	0	5.21469	0.41263	0	65	13.9517	0.886835	0.895244	0.5	90.3569	-0.848778	0.816726	38.1302
0	327	16.1638	89.5	0	5.21447	0.412602	0	65	13.9507	0.886754	0.895164	0.5	90.3488	-0.848778	0.819538	37.5582
0	328	16.1627	89.4894	0	5.21417	0.412565	0	65	13.9493	0.886649	0.895059	0.5	90.3382	-0.848778	0.819538	36.9948
0	329	16.1617	89.4786	0	5.21386	0.412527	0	65	13.9479	0.886542	0.894952	0.5	90.3273	-0.848778	0.822349	36.4399
0	330	16.1616	89.4782	0	5.21385	0.412526	0	65	13.9479	0.886538	0.894948	0.5	90.3269	-0.848778	0.822349	35.8933
0	331	16.1613	89.4745	0	5.21375	0.412513	0	65	13.9474	0.886501	0.894911	0.5	90.3232	-0.848778	0.822349	35.3549
0	332	16.1585	89.447	0	5.21297	0.412417	0	65	13.9439	0.88623	0.894639	0.5	90.2958	-0.848778	0.827971	34.8246
0	333	16.1585	89.447	0	5.21297	0.412417	0	65	13.9439	0.88623	0.894639	0.5	90.2958	-0.848778	0.827971	34.3022
0	334	16.1585	89.447	0	5.21297	0.412417	0	65	13.9439	0.88623	0.894639	0.5	90.2958	-0.848778	0.827971	33.7877
0	335	16.1564	89.4257	0	5.21237	0.412342	0	65	13.9411	0.886018	0.894428	0.5	90.2745	-0.848778	0.83078	33.2809
0	336	16.1529	89.3897	0	5.21136	0.412217	0	65	13.9365	0.885662	0.894071	0.5	90.2385	-0.848778	0.836398	32.7817
0	337	16.1513	89.3738	0	5.21091	0.412161	0	65	13.9345	0.885504	0.893914	0.5	90.2226	-0.848778	0.839206	32.2899
0	338	16.151	89.3706	0	5.21082	0.41215	0	65	13.9341	0.885473	0.893882	0.5	90.2194	-0.848778	0.842013	31.8056
0	339	16.1488	89.3492	0	5.21021	0.412075	0	65	13.9313	0.88526	0.893669	0.5	90.1979	-0.848778	0.84482	31.3285
0	340	16.1456	89.3162	0	5.20928	0.41196	0	65	13.9271	0.884933	0.893343	0.5	90.165	-0.848778	0.850431	30.8586
0	341	16.1445	89.3052	0	5.20898	0.411921	0	65	13.9257	0.884825	0.893234	0.5	90.154	-0.848778	0.850431	30.3957
0	342	16.1433	89.2937	0	5.20865	0.411881	0	65	13.9242	0.88471	0.893119	0.5	90.1424	-0.848778	0.853236	29.9398
0	343	16.1419	89.2794	0	5.20825	0.411831	0	65	13.9224	0.884569	0.892979	0.5	90.1282	-0.848778	0.85604	29.4907
0	344	16.1419	89.2794	0	5.20825	0.411831	0	65	13.9224	0.884569	0.892979	0.5	90.1282	-0.848778	0.85604	29.0483
0	345	16.1412	89.2719	0	5.20804	0.411805	0	65	13.9214	0.884495	0.892904	0.5	90.1207	-0.848778	0.85604	28.6126
0	346	16.141	89.2703	0	5.20799	0.411799	0	65	13.9212	0.884479	0.892888	0.5	90.1191	-0.848778	0.858844	28.1834
0	347	16.141	89.2703	0	5.20799	0.411799	0	65	13.9212	0.884479	0.892888	0.5	90.1191	-0.848778	0.858844	27.7606
0	348	16.1407	89.267	0	5.20789	0.411788	0	65	13.9208	0.884445	0.892855	0.5	90.1157	-0.848778	0.858844	27.3442
0	349	16.1407	89.267	0	5.20789	0.411788	0	65	13.9208	0.884445	0.892855	0.5	90.1157	-0.848778	0.858844	26.9341
0	350	16.1404	89.2641	0	5.20781	0.411778	0	65	13.9204	0.884417	0.892827	0.5	90.1129	-0.848778	0.858844	26.5301
0	351	16.1404	89.2641	0	5.20781	0.411778	0	65	13.9204	0.884417	0.892827	0.5	90.1129	-0.848778	0.858844	26.1321
0	352	16.1404	89.2641	0	5.20781	0.411778	0	65	13.9204	0.884417	0.892827	0.5	90.1129	-0.848778	0.858844	25.7401
0	353	16.1404	89.2636	0	5.2078	0.411776	0	65	13.9203	0.884412	0.892821	0.5	90.1123	-0.848778	0.858844	25.354
0	354	16.14	89.2598	0	5.20769	0.411763	0	65	13.9198	0.884374	0.892784	0.5	90.1086	-0.848778	0.858844	24.9737
0	355	16.1389	89.2489	0	5.20738	0.411724	0	65	13.9184	0.884266	0.892676	0.5	90.0977	-0.848778	0.861647	24.5991
0	356	16.1358	89.2176	0	5.2065	0.411615	0	65	13.9144	0.883956	0.892366	0.5	90.0664	-0.848778	0.867252	24.2301
0	357	16.1336	89.1952	0	5.20587	0.411537	0	65	13.9115	0.883734	0.892144	0.5	90.044	-0.848778	0.870053	23.8667
0	358	16.1318	89.1768	0	5.20535	0.411472	0	65	13.9092	0.883552	0.891962	0.5	90.0256	-0.848778	0.872854	23.5087
0	359	16.1301	89.1596	0	5.20486	0.411412	0	65	13.907	0.883382	0.891791	0.5	90.0084	-0.848778	0.875654	23.156
0	360	16.1284	89.1431	0	5.20439	0.411354	0	65	13.9048	0.883218	0.891627	0.5	89.9918	-0.848778	0.878453	22.8087
0	361	16.1271	89.1301	0	5.20403	0.411309	0	65	13.9032	0.883089	0.891499	0.5	89.9788	-0.848778	0.881252	22.4666
0	362	16.1255	89.1132	0	5.20355	0.41125	0	65	13.901	0.882922	0.891331	0.5	89.9619	-0.848778	0.884051	22.1296
0	363	16.1242	89.1004	0	5.20319	0.411205	0	65	13.8994	0.882795	0.891205	0.5	89.9492	-0.848778	0.886848	21.7976
0	364	16.1227	89.0848	0	5.20275	0.41115	0	65	13.8974	0.882641	0.89105	0.5	89.9336	-0.848778	0.889646	21.4707
1	0	9.90959	89.0848	0	8.16574	0.592049	0	65	15.3154	1.49435	0.987993	0.5	58.8988	30.186	7.17957	21.1486
1	1	9.81917	88.7477	0	8.20282	0.590662	0	65	15.2851	1.48869	0.975986	0.5	58.183	30.5647	7.2095	20.8314
1	2	9.72876	88.4107	0	8.24053	0.589271	0	65	15.2548	1.48304	0.96398	0.5	57.4673	30.9434	7.23769	20.5189
1	3	9.63835	88.0736	0	8.27888	0.587876	0	65	15.2246	1.47738	0.951973	0.5	56.7515	31.3221	7.26462	20.2111
1	4	9.54793	87.7365	0	8.31789	0.586475	0	65	15.1943	1.47173	0.939966	0.5	56.0357	31.7008	7.2893	19.908
1	5	9.45752	87.3994	0	8.35757	0.58507	0	65	15.164	1.46607	0.927959	0.5	55.3199	32.0795	7.31225	19.6093
1	6	9.36711	87.0624	0	8.39794	0.58366	0	65	15.1338	1.46042	0.915953	0.5	54.6041	32.4582	7.33384	19.3152
1	7	9.27669	86.7253	0	8.43903	0.582245	0	65	15.1035	1.45477	0.903946	0.5	53.8884	32.8369	7.35327	19.0255
1	8	9.18628	86.3882	0	8.48084	0.580825	0	65	15.0732	1.44911	0.891939	0.5	53.1726	33.2156	7.37129	18.7401
1	9	9.09586	86.0511	0	8.52341	0.579401	0	65	15.043	1.44346	0.879932	0.5	52.4568	33.5943	7.38722	18.459
1	10	9.00545	85.7141	0	8.56674	0.577971	0	65	15.0127	1.4378	0.867925	0.5	51.741	33.973	7.40141	18.1821
1	11	8.91504	85.377	0	8.61086	0.576537	0	65	14.9824	1.43215	0.855919	0.5	51.0252	34.3517	7.41408	17.9094
1	12	8.82462	85.0399	0	8.65579	0.575098	0	65	14.9521	1.42649	0.843912	0.5	50.3095	34.7305	7.42476	17.6407
1	13	8.73421	84.7028	0	8.70156	0.573654	0	65	14.9219	1.42084	0.831905	0.5	49.5937	35.1092	7.43371	17.3761
1	14	8.6438	84.3658	0	8.74819	0.572205	0	65	14.8916	1.41519	0.819898	0.5	48.8779	35.4879	7.44104	17.1155
1	15	8.55338	84.0287	0	8.7957	0.570752	0	65	14.8613	1.40953	0.807892	0.5	48.1621	35.8666	7.44647	16.8588
1	16	8.46297	83.6916	0	8.84412	0.569293	0	65	14.8311	1.40388	0.795885	0.5	47.4463	36.2453	7.45023	16.6059
1	17	8.37256	83.3545	0	8.89347	0.567829	0	65	14.8008	1.39822	0.783878	0.5	46.7306	36.624	7.45216	16.3568
1	18	8.28214	83.0175	0	8.94378	0.56636	0	65	14.7705	1.39257	0.771871	0.5	46.0148	37.0027	7.45235	16.1114
1	19	8.19173	82.6804	0	8.99509	0.564887	0	65	14.7403	1.38692	0.759864	0.5	45.299	37.3814	7.45076	15.8698
1	20	8.10132	82.3433	0	9.04741	0.563408	0	65	14.71	1.38126	0.747858	0.5	44.5832	37.7601	7.44745	15.6317
1	21	8.0109	82.0062	0	9.10078	0.561925	0	65	14.6797	1.37561	0.735851	0.5	43.8675	38.1388	7.4424	15.3972
1	22	7.92049	81.6692	0	9.15524	0.560436	0	65	14.6495	1.36995	0.723844	0.5	43.1517	38.5175	7.43546	15.1663
1	23	7.83007	81.3321	0	9.2108	0.558942	0	65	14.6192	1.3643	0.711837	0.5	42.4359	38.8962	7.4269	14.9388
1	24	7.73966	80.995	0	9.26752	0.557443	0	65	14.5889	1.35864	0.699831	0.5	41.7201	39.2749	7.41661	14.7147
1	25	7.64925	80.6579	0	9.32543	0.555939	0	65	14.5587	1.35299	0.687824	0.5	41.0043	39.6536	7.40433	14.494
1	26	7.55883	80.3209	0	9.38456	0.55443	0	65	14.5284	1.34734	0.675817	0.5	40.2886	40.0323	7.39052	14.2766
1	27	7.46842	79.9838	0	9.44495	0.552916	0	65	14.4981	1.34168	0.66381	0.5	39.5728	40.411	7.37468	14.0624
1	28	7.37801	79.6467	0	9.50664	0.551397	0	65	14.4678	1.33603	0.651803	0.5	38.857	40.7897	7.35736	13.8515
1	29	7.28759	79.3096	0	9.56968	0.549872	0	65	14.4376	1.33037	0.639797	0.5	38.1412	41.1684	7.33831	13.6437
1	30	7.19718	78.9726	0	9.63411	0.548343	0	65	14.4073	1.32472	0.62779	0.5	37.4254	41.5471	7.31712	13.4391
1	31	7.10677	78.6355	0	9.69998	0.546808	0	65	14.377	1.31906	0.615783	0.5	36.7097	41.9258	7.29456	13.2375
1	32	7.01635	78.2984	0	9.76734	0.545268	0	65	14.3468	1.31341	0.603776	0.5	35.9939	42.3045	7.27026	13.0389
1	33	6.92594	77.9613	0	9.83623	0.543722	0	65	14.3165	1.30776	0.591769	0.5	35.2781	42.6832	7.24373	12.8433
1	34	6.83553	77.6243	0	9.90671	0.542172	0	65	14.2862	1.3021	0.579763	0.5	34.5623	43.0619	7.21593	12.6507
1	35	6.74511	77.2872	0	9.97883	0.540616	0	65	14.256	1.29645	0.567756	0.5	33.8465	43.4407	7.18582	12.4609
1	36	6.6547	76.9501	0	10.0527	0.539055	0	65	14.2257	1.29079	0.555749	0.5	33.1308	43.8194	7.15451	12.274
1	37	6.56428	76.613	0	10.1283	0.537488	0	65	14.1954	1.28514	0.543742	0.5	32.415	44.1981	7.12146	12.0899
1	38	6.47387	76.276	0	10.2057	0.535917	0	65	14.1652	1.27948	0.531736	0.5	31.6992	44.5768	7.08601	11.9085
1	39	6.38346	75.9389	0	10.285	0.534339	0	65	14.1349	1.27383	0.519729	0.5	30.9834	44.9555	7.04945	11.7299
1	40	6.29304	75.6018	0	10.3663	0.532757	0	65	14.1046	1.26818	0.507722	0.5	30.2676	45.3342	7.01115	11.554
1	41	6.20263	75.2647	0	10.4496	0.531169	0	65	14.0744	1.26252	0.495715	0.5	29.5519	45.7129	6.97036	11.3807
1	42	6.11222	74.9277	0	10.5351	0.529576	0	65	14.0441	1.25687	0.483708	0.5	28.8361	46.0916	6.92856	11.21
1	43	6.0218	74.5906	0	10.6227	0.527977	0	65	14.0138	1.25121	0.471702	0.5	28.1203	46.4703	6.88502	11.0418
1	44	5.93139	74.2535	0	10.7126	0.526373	0	65	13.9835	1.24556	0.459695	0.5	27.4045	46.849	6.83888	10.8762
1	45	5.84098	73.9164	0	10.805	0.524764	0	65	13.9533	1.23991	0.447688	0.5	26.6887	47.2277	6.79183	10.713
1	46	5.75056	73.5794	0	10.8997	0.523149	0	65	13.923	1.23425	0.435681	0.5	25.973	47.6064	6.74212	10.5523
1	47	5.66015	73.2423	0	10.9971	0.521528	0	65	13.8927	1.2286	0.423675	0.5	25.2572	47.9851	6.69157	10.3941
1	48	5.56974	72.9052	0	11.0971	0.519902	0	65	13.8625	1.22294	0.411668	0.5	24.5414	48.3638	6.63927	10.2381
1	49	5.47932	72.5681	0	11.2	0.518271	0	65	13.8322	1.21729	0.399661	0.5	23.8256	48.7425	6.58422	10.0846
1	50	5.38891	72.2311	0	11.3057	0.516634	0	65	13.8019	1.21163	0.387654	0.5	23.1099	49.1212	6.52842	9.9333
1	51	5.29849	71.894	0	11.4145	0.514991	0	65	13.7717	1.20598	0.375647	0.5	22.3941	49.4999	6.47088	9.7843
1	52	5.20808	71.5569	0	11.5264	0.513343	0	65	13.7414	1.20033	0.363641	0.5	21.6783	49.8786	6.41048	9.63754
1	53	5.11767	71.2198	0	11.6417	0.511689	0	65	13.7111	1.19467	0.351634	0.5	20.9625	50.2573	6.34943	9.49297
1	54	5.02725	70.8828	0	11.7604	0.51003	0	65	13.6809	1.18902	0.339627	0.5	20.2467	50.636	6.28665	9.35058
1	55	4.93684	70.5457	0	11.8827	0.508364	0	65	13.6506	1.18336	0.32762	0.5	19.531	51.0147	6.22091	9.21032
1	56	4.84643	70.2086	0	12.0088	0.506694	0	65	13.6203	1.17771	0.315614	0.5	18.8152	51.3934	6.15462	9.07217
1	57	4.75601	69.8715	0	12.1389	0.505017	0	65	13.5901	1.17205	0.303607	0.5	18.0994	51.7721	6.08531	8.93608
1	58	4.6656	69.5345	0	12.2731	0.503335	0	65	13.5598	1.1664	0.2916	0.5	17.3836	52.1508	6.01551	8.80204
1	59	4.6656	69.5345	0	12.2731	0.503335	0.0770833	65	13.5714	1.1664	0.2916	0.5	17.3836	52.1508	6.01551	8.67001
1	60	4.6656	69.5345	0	12.2731	0.503335	0.132372	65	13.5798	1.1664	0.2916	0.5	17.3836	52.1508	6.01551	8.53996
1	61	4.6656	69.5345	0	12.2731	0.503335	0.23782	65	13.5957	1.1664	0.2916	0.5	17.3836	52.1508	6.01551	8.41186
1	62	4.6656	69.9489	0	12.3462	0.503335	0.454968	65	13.6911	1.1664	0.2916	0.505924	17.4872	52.4616	6.01551	8.28568
1	63	4.6656	70.3736	0	12.4212	0.503335	0.672276	65	13.788	1.1664	0.2916	0.511925	17.5934	52.7802	6.01551	8.1614
1	64	4.6656	70.3736	0	12.4212	0.503335	0.835737	65	13.8127	1.1664	0.2916	0.511925	17.5934	52.7802	6.01551	8.03898
1	65	4.6656	70.5967	0	12.4606	0.503335	1.02404	65	13.8748	1.1664	0.2916	0.515046	17.6492	52.9475	6.01551	7.91839
1	66	4.6656	71.2819	0	12.5815	0.503335	1.29391	65	14.0191	1.1664	0.2916	0.524514	17.8205	53.4614	6.01551	7.79962
1	67	4.6656	71.5157	0	12.6228	0.503335	1.48109	65	14.0827	1.1664	0.2916	0.527704	17.8789	53.6368	6.01551	7.68262
1	68	4.6656	71.5157	0	12.6228	0.503335	1.60801	65	14.1018	1.1664	0.2916	0.527704	17.8789	53.6368	6.01551	7.56738
1	69	4.6656	72.4955	0	12.7957	0.503335	1.90369	65	14.2944	1.1664	0.2916	0.540845	18.1239	54.3717	6.01551	7.45387
1	70	4.6656	72.9967	0	12.8842	0.503335	2.11907	65	14.4027	1.1664	0.2916	0.54743	18.2492	54.7475	6.01551	7.34207
1	71	4.6656	72.9967	0	12.8842	0.503335	2.25962	65	14.4239	1.1664	0.2916	0.54743	18.2492	54.7475	6.01551	7.23194
1	72	4.6656	73.2587	0	12.9304	0.503335	2.44263	65	14.4911	1.1664	0.2916	0.550837	18.3147	54.944	6.01551	7.12346
1	73	4.6656	74.0621	0	13.0722	0.503335	2.70353	65	14.6518	1.1664	0.2916	0.561133	18.5155	55.5466	6.01551	7.0166
1	74	4.6656	75.1567	0	13.2654	0.503335	3.02917	65	14.8663	1.1664	0.2916	0.574807	18.7892	56.3675	6.01551	6.91136
1	75	4.6656	76.5543	0	13.5121	0.503335	3.39121	65	15.132	1.1664	0.2916	0.591698	19.1386	57.4157	6.01551	6.80769
1	76	4.6656	77.9817	0	13.7641	0.503335	3.6527	65	15.3871	1.1664	0.2916	0.608323	19.4954	58.4862	6.01551	6.70557
1	77	4.6656	75.9662	0	13.4083	0.49427	3.85825	65	15.1137	1.13625	0.311697	0.611197	20.839	55.1272	6.01551	6.60499
1	78	4.6656	73.152	0	12.9116	0.481335	3.99233	65	14.709	1.09416	0.339759	0.615475	22.7152	50.4369	6.01551	6.50591
1	79	4.6656	69.7023	0	12.3027	0.465026	4.15668	65	14.2129	1.04256	0.374158	0.62119	25.015	44.6873	6.01551	6.40832
1	80	4.6656	66.513	0	11.7398	0.449493	4.30862	65	13.7542	0.994859	0.40596	0.627001	27.1412	39.3718	6.01551	6.3122
1	81	4.6656	63.347	0	11.181	0.433627	4.45945	65	13.2988	0.947505	0.43753	0.633348	29.2518	34.0952	6.01551	6.21752
1	82	4.6656	59.8856	0	10.57	0.415757	4.62436	65	12.801	0.895731	0.472046	0.641055	31.5594	28.3262	6.01551	6.12425
1	83	4.7241	58.2723	0	10.1802	0.407237	4.72862	65	12.5598	0.8716	0.4968	0.644961	33.2144	25.0579	6.06095	6.03239
1	84	5.4336	59.4912	0	9.24695	0.429248	4.86001	65	12.6018	0.934667	0.559867	0.662479	35.6353	23.8559	6.55654	5.9419
1	85	6.0156	60.1627	0	8.57556	0.446692	4.96779	65	12.5866	0.9864	0.6116	0.671828	37.3028	22.8599	6.88172	5.85277
1	86	6.3896	60.1627	0	8.14154	0.457619	5.03705	65	12.5117	1.01964	0.644844	0.671828	38.0482	22.1146	7.05222	5.76498
1	87	6.8466	60.1627	0	7.66736	0.470679	5.12168	65	12.4202	1.06027	0.685467	0.671828	38.8954	21.2673	7.21963	5.67851
1	88	7.7286	62.7429	0	7.18819	0.495002	5.28501	65	12.6332	1.13867	0.763867	0.705884	42.0906	20.6522	7.41514	5.59333
1	89	8.8621	67.6029	0	6.85482	0.524626	5.38445	65	13.1235	1.23942	0.864622	0.762974	47.1598	20.443	7.42062	5.50943
1	90	10.0406	73.0388	0	6.61547	0.553585	5.38445	65	13.6754	1.34418	0.969378	0.8	52.6732	20.3656	7.13266	5.42679
1	91	11.2611	79.0638	0	6.44834	0.581718	5.38445	65	14.3067	1.45267	1.07787	0.8	58.6647	20.3991	6.51893	5.34539
1	92	12.0431	82.927	0	6.35792	0.598805	5.38445	65	14.7116	1.52218	1.14738	0.8	62.5082	20.4188	5.95732	5.26521
1	93	12.3776	82.927	0	6.19894	0.605898	5.38445	65	14.6353	1.55191	1.17711	0.8	62.8994	20.0276	5.67695	5.18623
1	94	12.7081	82.927	0	6.04949	0.612784	5.38445	65	14.5599	1.58129	1.20649	0.8	63.2715	19.6555	5.37566	5.10844
1	95	13.1336	82.927	0	5.86736	0.621473	5.38445	65	14.4628	1.61911	1.24431	0.8	63.7306	19.1964	4.95335	5.03181
1	96	13.5201	82.927	0	5.71119	0.629195	5.38445	65	14.3746	1.65347	1.27867	0.8	64.1295	18.7975	4.5369	4.95633
1	97	13.8541	82.927	0	5.58277	0.639839	5.38445	65	14.2983	1.70201	1.32721	0.8	64.6656	18.2614	4.15017	4.88199
1	98	14.2891	82.927	0	5.42393	0.657164	5.38445	65	14.199	1.78417	1.40937	0.8	65.5066	17.4204	3.60991	4.80876
1	99	14.8101	82.927	0	5.24519	0.676821	5.38445	65	14.0801	1.88258	1.50778	0.8	66.4172	16.5098	2.91087	4.73663
1	100	15.6126	88.6989	0	5.33926	0.704917	5.38445	65	14.7686	2.03417	1.65937	0.8	72.3559	16.343	1.71758	4.66558
1	101	16.4381	94.9316	0	5.44392	0.731272	5.38445	65	15.5215	2.19009	1.81529	0.8	78.6856	16.246	0.347486	4.59559
1	102	17.3391	103.882	0	5.66451	0.757358	5.38445	65	16.6675	2.36028	1.98548	0.8	87.3862	16.4959	0.0088845	4.52666
1	103	18.1911	111.04	0	5.78604	0.779692	5.38445	65	17.5541	2.52122	2.14642	0.8	94.5333	16.5071	0.0088845	4.45876
1	104	18.8176	113.542	0	5.72936	0.794792	5.38445	65	17.7889	2.63956	2.26476	0.8	97.4199	16.1223	0.0088845	4.39188
1	105	19.4311	116.156	0	5.68527	0.808576	5.38445	65	18.0436	2.75544	2.38064	0.8	100.356	15.7998	0.0088845	4.326
1	106	19.8801	116.156	0	5.56301	0.818073	5.38445	65	17.9412	2.84025	2.46545	0.8	100.828	15.328	0.0088845	4.26111
1	107	20.4911	118.971	0	5.53581	0.830245	5.38445	65	18.2267	2.95566	2.58086	0.8	103.884	15.0864	0.0088845	4.19719
1	108	21.3271	127.814	0	5.72461	0.84559	5.38445	65	19.3714	3.11357	2.73877	0.8	112.428	15.3858	0.0088845	4.13424
1	109	22.4431	143.348	0	6.11472	0.863935	5.38445	65	21.4626	3.32437	2.94957	0.8	127.187	16.1615	0.0088845	4.07222
1	110	25.1769	160.121	0	6.11688	0.893274	5.38445	65	23.3716	3.72915	3.35435	0.8	144.028	16.0931	0.0088845	4.01114
1	111	28.225	178.072	0	6.09314	0.918051	5.38445	65	25.3868	4.16942	3.79462	0.8	162.065	16.0073	0.0088845	3.95097
1	112	31.348	197.083	0	6.09257	0.937483	5.38445	65	27.545	4.62053	4.24573	0.8	181.096	15.9866	0.0088845	3.89171
1	113	32.55	216.398	0	6.45003	0.93918	5.38445	65	30.1877	4.6664	4.2916	0.8	199.017	17.3809	0.0088845	3.83333
1	114	33.5635	235.94	0	6.82627	0.93918	5.38445	65	32.9074	4.6664	4.2916	0.8	216.989	18.9504	0.0088845	3.77583
1	115	34.3649	255.706	0	7.23049	0.93918	5.38445	65	35.7095	4.6664	4.2916	0.8	235.168	20.538	0.0088845	3.71919
1	116	34.8653	263.701	0	7.35254	0.93918	5.38445	65	36.8027	4.6664	4.2916	0.8	242.521	21.1802	0.0088845	3.66341
1	117	35.368	271.784	0	7.47316	0.93918	5.38445	65	37.9086	4.6664	4.2916	0.8	249.955	21.8294	0.0088845	3.60846
1	118	36.2778	292.211	0	7.83875	0.93918	5.38445	65	40.7858	4.6664	4.2916	0.8	268.741	23.4701	0.0088845	3.55433
1	119	37.2573	312.854	0	8.17764	0.93918	5.38445	65	43.6796	4.6664	4.2916	0.8	287.726	25.1281	0.0088845	3.50101
1	120	38.4298	333.711	0	8.46342	0.93918	5.38315	65	46.5616	4.6664	4.2916	0.8	306.908	26.8033	0.0088845	3.4485
1	121	39.7823	354.78	0	8.69937	0.93918	5.25926	65	49.416	4.6664	4.2916	0.8	326.285	28.4955	0.0088845	3.39677
1	122	41.1611	376.059	0	8.91956	0.93918	5.13296	65	52.2956	4.6664	4.2916	0.8	345.854	30.2046	0.0088845	3.34582
1	123	42.4663	397.544	0	9.14602	0.93918	5.0134	65	55.2242	4.6664	4.2916	0.8	365.613	31.9303	0.0088845	3.29563
1	124	43.7357	419.233	0	9.37133	0.93918	4.89711	65	58.1924	4.6664	4.2916	0.8	385.561	33.6723	0.0088845	3.2462
1	125	44.6626	419.207	0	9.18052	0.939169	4.76668	65	57.9571	4.6661	4.2913	0.8	385.534	33.6723	0.0088845	3.1975
1	126	44.6539	419.128	0	9.18056	0.939137	4.63369	65	57.9272	4.66523	4.29043	0.8	385.456	33.6723	0.0088845	3.14954
1	127	44.6461	419.058	0	9.18059	0.939109	4.51502	65	57.9004	4.66445	4.28965	0.8	385.385	33.6723	0.0088845	3.1023
1	128	44.6392	418.996	0	9.18062	0.939084	4.4112	65	57.877	4.66376	4.28896	0.8	385.324	33.6723	0.0088845	3.05576
1	129	44.6315	418.927	0	9.18065	0.939056	4.29342	65	57.8505	4.66299	4.28819	0.8	385.254	33.6723	0.0088845	3.00993
1	130	44.6247	418.866	0	9.18068	0.939031	4.19053	65	57.8273	4.66231	4.28751	0.8	385.193	33.6723	0.0088845	2.96478
1	131	44.6199	418.823	0	9.1807	0.939013	4.11811	65	57.811	4.66183	4.28703	0.8	385.151	33.6723	0.0088845	2.92031
1	132	44.6149	418.777	0	9.18072	0.938995	4.04113	65	57.7937	4.66133	4.28653	0.8	385.105	33.6723	0.0088845	2.8765
1	133	44.6095	418.729	0	9.18075	0.938975	3.95933	65	57.7752	4.66079	4.28599	0.8	385.057	33.6723	0.0088845	2.83336
1	134	44.6043	418.682	0	9.18077	0.938956	3.88029	65	57.7574	4.66027	4.28547	0.8	385.01	33.6723	0.0088845	2.79086
1	135	44.5983	418.629	0	9.1808	0.938934	3.78989	65	57.7371	4.65967	4.28487	0.8	384.957	33.6723	0.0088845	2.74899
1	136	44.593	418.581	0	9.18082	0.938915	3.70955	65	57.719	4.65914	4.28434	0.8	384.909	33.6723	0.0088845	2.70776
1	137	44.5885	418.541	0	9.18084	0.938898	3.64104	65	57.7035	4.65869	4.28389	0.8	384.869	33.6723	0.0088845	2.66714
1	138	44.5836	418.497	0	9.18086	0.93888	3.56674	65	57.6868	4.6582	4.2834	0.8	384.825	33.6723	0.0088845	2.62713
1	139	44.5783	418.449	0	9.18088	0.938861	3.48579	65	57.6685	4.65767	4.28287	0.8	384.777	33.6723	0.0088845	2.58773
1	140	44.5739	418.409	0	9.1809	0.938845	3.41887	65	57.6535	4.65723	4.28243	0.8	384.737	33.6723	0.0088845	2.54891
1	141	44.569	418.365	0	9.18092	0.938827	3.36099	65	57.6392	4.65674	4.28194	0.8	384.693	33.6723	0.0088845	2.51068
1	142	44.5642	418.323	0	9.18094	0.938809	3.31884	65	57.6274	4.65626	4.28146	0.8	384.65	33.6723	0.0088845	2.47302
1	143	44.5595	418.28	0	9.18096	0.938792	3.27677	65	57.6157	4.65579	4.28099	0.8	384.607	33.6723	0.0088845	2.43592
1	144	44.5549	418.239	0	9.18098	0.938775	3.23642	65	57.6045	4.65533	4.28053	0.8	384.566	33.6723	0.0088845	2.39938
1	145	10	83.6403	0	7.60366	0.93876	0.639924	65	23.0377	0.930983	0.856023	0.8	384.529	33.6723	0.0088845	2.36339
1	146	10	82.5147	0	7.50133	0.423669	0.835387	65	14.4287	0.918454	0.864376	0.8	77.6562	4.85843	7.1473	2.32794
1	147	10	76.4974	0	6.95431	0.400036	1.04872	65	13.5522	0.851477	0.909027	0.8	81.6677	-5.17031	7.1473	2.29302
1	148	10	70.4984	0	6.40895	0.375511	1.26141	65	12.6784	0.784704	0.953542	0.8	85.667	-15.1686	7.1473	2.25863
1	149	10	64.267	0	5.84246	0.348974	1.48233	65	11.7707	0.715343	0.999783	0.8	89.8213	-25.5543	7.1473	2.22475
1	150	10	57.0719	0	5.18836	0.316927	1.73742	65	10.7227	0.635256	1.05317	0.8	94.618	-37.5461	7.1473	2.19138
1	151	11.5365	69.0582	0	5.50857	0.369055	2.03557	65	12.2271	0.767561	1.1926	0.8	107.299	-38.2413	6.33561	2.15851
1	152	13.047	82.1195	0	5.84605	0.41789	2.31529	65	13.8971	0.901827	1.32687	0.8	120.823	-38.7037	5.0423	2.12613
1	153	14.5085	96.1761	0	6.20151	0.461541	2.4177	65	15.7018	1.03174	1.45678	0.8	135.797	-39.6212	3.32223	2.09424
1	154	15.9335	111.162	0	6.56462	0.500947	2.4177	65	17.6397	1.15841	1.58345	0.8	151.949	-40.7874	1.20189	2.06282
1	155	17.609	127.18	0	6.83433	0.543608	2.4177	65	19.6762	1.30734	1.73238	0.8	168.529	-41.3486	0.0088845	2.03188
1	156	19.2645	144.325	0	7.12207	0.588755	2.4177	65	21.8876	1.48094	1.90598	0.8	185.747	-41.4222	0.0088845	2.0014
1	157	20.9845	163.352	0	7.43031	0.661591	2.4177	65	24.3683	1.80583	2.23087	0.8	201.8	-38.4482	0.0088845	1.97138
1	158	22.6975	184.036	0	7.76606	0.721306	2.4177	65	27.1011	2.1294	2.55444	0.8	220.771	-36.7347	0.0088845	1.94181
1	159	24.499	206.256	0	8.08878	0.772774	2.4177	65	30.0454	2.46968	2.89472	0.8	241.753	-35.4972	0.0088845	1.91268
1	160	26.311	229.831	0	8.41533	0.814958	2.4177	65	33.1921	2.81195	3.23699	0.8	264.571	-34.7401	0.0088845	1.88399
1	161	28.6152	254.797	0	8.60359	0.855129	2.4177	65	36.4365	3.21985	3.64489	0.8	288.432	-33.6348	0.0088845	1.85573
1	162	32.5586	281.357	0	8.38404	0.897066	2.4177	65	39.5474	3.78945	4.21449	0.8	312.915	-31.5581	0.0088845	1.8279
1	163	36.2113	309.112	0	8.30694	0.924998	2.4177	65	42.9053	4.31706	4.7421	0.8	339.546	-30.4339	0.0088845	1.80048
1	164	37.7788	337.129	0	8.69363	0.929953	2.4177	65	46.7785	4.43098	4.85602	0.8	369.468	-32.3389	0.0088845	1.77347
1	165	38.8795	365.182	0	9.15714	0.929953	2.4177	65	50.7638	4.43098	4.85602	0.8	400.212	-35.0299	0.0088845	1.74687
1	166	39.8858	393.268	0	9.61869	0.929953	2.4177	65	54.7754	4.43098	4.85602	0.8	430.992	-37.724	0.0088845	1.72067
1	167	40.884	421.379	0	10.0606	0.929953	2.4177	65	58.7929	4.43098	4.85602	0.8	461.8	-40.4206	0.0088845	1.69486
1	168	10	89.9025	0	8.17295	0.929953	0.48354	65	25.1111	0.886197	0.971205	0.8	492.632	-43.1193	0.0088845	1.66943
1	169	10	84.199	0	7.65445	0.392246	0.81817	65	14.6805	0.829976	1.00869	0.8	102.329	-18.1296	7.1473	1.64439
1	170	10	72.8687	0	6.62443	0.350124	1.17391	65	13.0231	0.71829	1.08314	0.8	109.882	-37.0134	7.1473	1.61973
1	171	10	62.1076	0	5.64615	0.307418	1.51178	65	11.4491	0.612214	1.15386	0.8	117.056	-54.9486	7.1473	1.59543
1	172	11.2665	75.312	0	6.13965	0.34247	1.82919	65	13.202	0.698774	1.28378	0.8	138.363	-63.0506	6.51576	1.5715
1	173	12.918	89.6357	0	6.44027	0.397908	2.13502	65	15.0344	0.845574	1.43058	0.8	151.65	-62.0142	5.17269	1.54793
1	174	14.503	104.97	0	6.77096	0.446713	2.26132	65	17.0075	0.986463	1.57147	0.8	167.221	-62.2511	3.3311	1.52471
1	175	16.163	121.3	0	7.06753	0.493591	2.26132	65	19.0947	1.13402	1.71903	0.8	183.875	-62.5752	0.819538	1.50184
1	176	17.723	138.508	0	7.39775	0.534019	2.26132	65	21.3373	1.27269	1.85769	0.8	202.175	-63.6672	0.0088845	1.47931
1	177	19.5835	157.035	0	7.62917	0.592554	2.26132	65	23.7105	1.49641	2.08142	0.8	218.426	-61.3913	0.0088845	1.45712
1	178	21.5335	177.493	0	7.87683	0.673344	2.26132	65	26.3549	1.86475	2.44975	0.8	233.176	-55.683	0.0088845	1.43526
1	179	23.2095	199.384	0	8.23577	0.729855	2.26132	65	29.2783	2.18132	2.76633	0.8	252.856	-53.4726	0.0088845	1.41373
1	180	25.005	222.613	0	8.56038	0.779594	2.26132	65	32.3764	2.52047	3.10548	0.8	274.282	-51.6689	0.0088845	1.39253
1	181	26.892	247.054	0	8.85751	0.822031	2.26132	65	35.6367	2.87691	3.46192	0.8	297.291	-50.2374	0.0088845	1.37164
1	182	28.907	272.486	0	9.1111	0.854899	2.26132	65	39.0176	3.21721	3.80222	0.8	322.034	-49.548	0.0088845	1.35107
1	183	32.1484	299.079	0	9.0224	0.890436	2.26132	65	42.2937	3.68542	4.27042	0.8	346.553	-47.4745	0.0088845	1.3308
1	184	35.5504	326.66	0	8.93724	0.918413	2.26132	65	45.6824	4.17681	4.76182	0.8	372.412	-45.7523	0.0088845	1.31084
1	185	37.6469	354.561	0	9.17437	0.928045	2.26132	65	49.4174	4.3862	4.9712	0.8	401.85	-47.2895	0.0088845	1.29118
1	186	38.5865	382.389	0	9.6596	0.928045	2.26132	65	53.4056	4.3862	4.9712	0.8	433.391	-51.0011	0.0088845	1.27181
1	187	39.6757	410.141	0	10.0832	0.928045	2.26132	65	57.3478	4.3862	4.9712	0.8	464.843	-54.7024	0.0088845	1.25273
1	188	40.85	437.81	0	10.4614	0.928045	2.26132	65	61.2583	4.3862	4.9712	0.8	496.202	-58.3927	0.0088845	1.23394
1	189	41.9128	465.391	0	10.845	0.928045	2.26132	65	65.181	4.3862	4.9712	0.8	527.463	-62.0715	0.0088845	1.21543
1	190	43.0267	492.881	0	11.195	0.928045	2.26132	65	69.0781	4.3862	4.9712	0.8	558.619	-65.7379	0.0088845	1.1972
1	191	44.1514	520.274	0	11.5229	0.928045	2.22455	65	72.9527	4.3862	4.9712	0.8	589.665	-69.3914	0.0088845	1.17924
1	192	45.2434	547.566	0	11.8409	0.928045	2.12452	65	76.8098	4.3862	4.9712	0.8	620.597	-73.0314	0.0088845	1.16155
1	193	46.3191	574.751	0	12.1463	0.928045	2.02598	65	80.6548	4.3862	4.9712	0.8	651.408	-76.6573	0.0088845	1.14413
1	194	47.5385	601.826	0	12.3989	0.928045	1.91428	65	84.4484	4.3862	4.9712	0.8	682.094	-80.2684	0.0088845	1.12697
1	195	10	125.757	0	11.4325	0.928045	0.359229	65	35.283	0.877239	0.994241	0.8	712.65	-83.8641	0.0088845	1.11006
1	196	10	118.464	0	10.7695	0.390929	0.676822	65	19.8337	0.826367	1.02816	0.8	147.392	-28.9275	7.1473	1.09341
1	197	10	102.624	0	9.32949	0.349181	1.02877	65	17.4948	0.715873	1.10182	0.8	157.952	-55.3274	7.1473	1.07701
1	198	10	86.0385	0	7.82168	0.302397	1.39728	65	15.0457	0.600175	1.17895	0.8	169.009	-82.9706	7.1473	1.06086
1	199	11.583	98.72	0	7.8455	0.349992	1.76349	65	16.6548	0.71795	1.33495	0.8	183.559	-84.8393	6.30307	1.04494
1	200	13.5415	112.538	0	7.73912	0.414462	2.12617	65	18.3494	0.892039	1.50904	0.8	190.379	-77.8401	4.51262	1.02927
1	201	15.406	127.347	0	7.76221	0.469886	2.13701	65	20.1618	1.05777	1.67477	0.8	201.629	-74.2817	2.03974	1.01383
1	202	17.2475	143.051	0	7.83951	0.519475	2.13701	65	22.1132	1.22146	1.83846	0.8	215.312	-72.2601	0.0088845	0.998622
1	203	19.0195	159.555	0	7.96996	0.56332	2.13701	65	24.201	1.38092	1.99792	0.8	230.844	-71.2896	0.0088845	0.983643
1	204	20.99	177.815	0	8.08616	0.650718	2.13701	65	26.5088	1.75313	2.37013	0.8	240.395	-62.5807	0.0088845	0.968888
1	205	23.26	197.773	0	8.15225	0.729949	2.13701	65	29.0048	2.18191	2.79891	0.8	253.7	-55.9266	0.0088845	0.954355
1	206	25.4115	219.049	0	8.2937	0.788384	2.13701	65	31.7268	2.5883	3.2053	0.8	271.266	-52.2172	0.0088845	0.94004
1	207	27.574	241.411	0	8.44863	0.834381	2.13701	65	34.6102	2.99677	3.61377	0.8	291.115	-49.7038	0.0088845	0.925939
1	208	32.5387	265.371	0	7.91239	0.893509	2.13701	65	37.0955	3.73283	4.34983	0.8	309.235	-43.8634	0.0088845	0.91205
1	209	37.2517	290.319	0	7.58969	0.927658	2.13701	65	39.7873	4.37724	4.99424	0.8	331.241	-40.9224	0.0088845	0.898369
1	210	38.7715	315.092	0	7.92256	0.927658	2.13701	65	43.1816	4.37724	4.99424	0.8	359.507	-44.4144	0.0088845	0.884894
1	211	40.3028	339.687	0	8.22432	0.927658	2.13701	65	46.5464	4.37724	4.99424	0.8	387.569	-47.8813	0.0088845	0.87162
1	212	41.8139	364.102	0	8.50429	0.927658	2.13701	65	49.8884	4.37724	4.99424	0.8	415.424	-51.3226	0.0088845	0.858546
1	213	43.3951	388.331	0	8.74716	0.927658	2.13701	65	53.1866	4.37724	4.99424	0.8	443.069	-54.7379	0.0088845	0.845668
1	214	45.2253	412.374	0	8.92094	0.927658	2.00186	65	56.3793	4.37724	4.99424	0.8	470.501	-58.1269	0.0088845	0.832983
1	215	47.125	436.226	0	9.06443	0.927658	1.82785	65	59.5215	4.37724	4.99424	0.8	497.715	-61.489	0.0088845	0.820488
1	216	48.3465	459.885	0	9.31949	0.927658	1.71595	65	62.7987	4.37724	4.99424	0.8	524.708	-64.8238	0.0088845	0.808181
1	217	47.9558	468.347	3	9.56675	0.927658	1.56106	65	66.0647	4.2414	4.83925	0.8	551.479	-68.1311	0.0088845	0.796058
1	218	46.9077	453.301	3	9.46197	0.921495	1.40471	65	64.0039	4.10514	4.68384	0.8	534.318	-66.0167	0.0088845	0.784117
1	219	45.3487	438.227	3	9.45499	0.914794	1.25892	65	62.0606	3.96862	4.52817	0.8	517.129	-63.9022	0.0088845	0.772356
1	220	43.789	423.144	3	9.44751	0.907516	1.10594	65	60.1152	3.83203	4.37243	0.8	499.931	-61.7873	0.0088845	0.76077
1	221	42.2287	408.056	3	9.43947	0.899615	0.949659	65	58.1685	3.69539	4.21663	0.8	482.728	-59.672	0.0088845	0.749359
1	222	40.6679	392.963	3	9.43083	0.891035	0.791274	65	56.2208	3.55871	4.06078	0.8	465.519	-57.5562	0.0088845	0.738118
1	223	39.1064	377.862	3	9.4215	0.881717	0.627802	65	54.2712	3.42195	3.90485	0.8	448.302	-55.44	0.0088845	0.727047
1	224	37.5445	362.758	3	9.41141	0.8716	0.465824	65	52.3214	3.28517	3.7489	0.8	431.081	-53.3232	0.0088845	0.716141
1	225	35.9825	347.654	3	9.40049	0.860618	0.308981	65	50.3723	3.14839	3.59293	0.8	413.86	-51.2059	0.0088845	0.705399
1	226	34.4212	332.557	3	9.38865	0.848702	0.167824	65	48.4266	3.01167	3.43702	0.8	396.645	-49.0879	0.0088845	0.694818
1	227	32.8599	317.461	3	9.37573	0.835769	0.0345745	65	46.4822	2.87496	3.28113	0.8	379.431	-46.9693	0.0088845	0.684396
1	228	31.3005	302.387	3	9.36168	0.82175	0	65	44.5562	2.73844	3.12542	0.8	362.237	-44.8502	0.0088845	0.67413
1	229	29.7411	287.313	3	9.34623	0.806536	0	65	42.6357	2.60193	2.96971	0.8	345.044	-42.7305	0.0088845	0.664018
1	230	28.1814	272.237	3	9.32912	0.79002	0	65	40.7148	2.4654	2.81397	0.8	327.847	-40.6103	0.0088845	0.654057
1	231	26.6213	257.157	3	9.31008	0.772091	0	65	38.7936	2.32884	2.65819	0.8	310.647	-38.4896	0.0088845	0.644247
1	232	25.0608	242.072	3	9.28875	0.752623	0	65	36.8717	2.19223	2.50236	0.8	293.44	-36.3682	0.0088845	0.634583
1	233	23.5002	226.988	3	9.26474	0.731494	0	65	34.95	2.05563	2.34654	0.8	276.235	-34.2462	0.0088845	0.625064
1	234	21.94	211.909	3	9.23753	0.708568	0	65	33.0289	1.91907	2.19075	0.8	259.033	-32.1234	0.0088845	0.615688
1	235	20.3792	196.824	3	9.20632	0.683673	0	65	31.1069	1.78245	2.0349	0.8	241.824	-29.9998	0.0088845	0.606453
1	236	18.8181	181.736	3	9.17023	0.656647	0	65	29.1848	1.64582	1.87902	0.8	224.612	-27.8754	0.0088845	0.597356
1	237	17.257	166.65	3	9.12801	0.627315	0	65	27.2627	1.50919	1.72313	0.8	207.4	-25.7501	0.0088845	0.588396
1	238	15.696	151.566	3	9.07798	0.595483	0	65	25.341	1.37259	1.56727	0.8	190.189	-23.6237	0.0088845	0.57957
1	239	14.133	136.461	3	9.01747	0.560883	0	65	23.4168	1.23581	1.4112	0.8	172.958	-21.4963	1.60197	0.570876
1	240	12.5692	121.349	3	8.94301	0.523303	0	65	21.4914	1.09895	1.25505	0.8	155.717	-19.3674	3.82094	0.562313
1	241	11.0059	106.245	3	8.84941	0.482531	0	65	19.5673	0.962167	1.09895	0.8	138.482	-17.2368	5.51333	0.553878
1	242	9.44399	91.1579	3	8.72826	0.438322	0	65	17.6453	0.825535	0.942993	0.8	121.262	-15.1043	6.67816	0.54557
1	243	9.43706	91.0813	3	8.72673	0.390371	0	65	15.7247	0.824841	0.942299	0.8	104.051	-12.9701	7.31752	0.537387
1	244	9.43025	91.0062	3	8.72521	0.390122	0	65	15.7149	0.82416	0.941619	0.8	103.976	-12.9701	7.31911	0.529326
1	245	9.42276	90.9234	3	8.72355	0.389848	0	65	15.7041	0.823411	0.940869	0.8	103.894	-12.9701	7.3207	0.521386
1	246	9.41656	90.855	3	8.72217	0.389621	0	65	15.6952	0.822791	0.94025	0.8	103.825	-12.9701	7.32229	0.513565
1	247	9.41048	90.7878	3	8.72081	0.389398	0	65	15.6865	0.822183	0.939641	0.8	103.758	-12.9701	7.32386	0.505862
1	248	9.40429	90.7195	3	8.71943	0.389171	0	65	15.6776	0.821564	0.939023	0.758631	103.69	-12.9701	7.32503	0.498274
1	249	9.39869	90.6576	3	8.71818	0.388966	0	65	15.6695	0.821004	0.938462	0.5	103.628	-12.9701	7.32658	0.4908
1	250	9.39201	90.5839	3	8.71669	0.388721	0	65	15.6599	0.820337	0.937795	0.5	103.554	-12.9701	7.32813	0.483438
1	251	9.38539	90.5108	3	8.71521	0.388478	0	65	15.6504	0.819674	0.937133	0.5	103.481	-12.9701	7.32966	0.476186
1	252	9.37878	90.4379	3	8.71372	0.388236	0	65	15.6408	0.819014	0.936472	0.5	103.408	-12.9701	7.33119	0.469043
1	253	9.37188	90.3617	3	8.71218	0.387982	0	65	15.6309	0.818324	0.935782	0.5	103.332	-12.9701	7.3327	0.462008
1	254	9.36558	90.2921	3	8.71076	0.387751	0	65	15.6218	0.817694	0.935152	0.5	103.262	-12.9701	7.33421	0.455078
1	255	9.3594	90.2238	3	8.70937	0.387524	0	65	15.6129	0.817075	0.934534	0.5	103.194	-12.9701	7.33533	0.448252
1	256	9.35324	90.1558	3	8.70798	0.387297	0	65	15.6041	0.816459	0.933917	0.5	103.126	-12.9701	7.33682	0.441528
1	257	9.34786	90.0964	3	8.70677	0.3871	0	65	15.5963	0.815922	0.93338	0.5	103.067	-12.9701	7.33794	0.434905
1	258	9.34247	90.0369	3	8.70555	0.386901	0	65	15.5886	0.815382	0.932841	0.5	103.007	-12.9701	7.33941	0.428381
1	259	9.33722	89.9789	3	8.70436	0.386708	0	65	15.581	0.814857	0.932316	0.5	102.949	-12.9701	7.34051	0.421956
1	260	9.33161	89.917	3	8.70309	0.386502	0	65	15.573	0.814297	0.931755	0.5	102.887	-12.9701	7.3416	0.415626
1	261	9.32552	89.8497	3	8.70171	0.386278	0	65	15.5642	0.813688	0.931146	0.5	102.82	-12.9701	7.34305	0.409392
1	262	9.32124	89.8025	3	8.70074	0.38612	0	65	15.558	0.81326	0.930718	0.5	102.773	-12.9701	7.34377	0.403251
1	263	9.31709	89.7567	3	8.6998	0.385967	0	65	15.552	0.812845	0.930303	0.5	102.727	-12.9701	7.34485	0.397202
1	264	9.3122	89.7026	3	8.69869	0.385787	0	65	15.545	0.812356	0.929814	0.5	102.673	-12.9701	7.34592	0.391244
1	265	9.30764	89.6523	3	8.69765	0.385619	0	65	15.5384	0.811899	0.929358	0.5	102.622	-12.9701	7.34699	0.385376
1	266	9.30251	89.5956	3	8.69648	0.38543	0	65	15.5311	0.811386	0.928844	0.5	102.566	-12.9701	7.34805	0.379595
1	267	9.29861	89.5526	3	8.6956	0.385286	0	65	15.5255	0.810997	0.928455	0.5	102.523	-12.9701	7.34875	0.373901
1	268	9.29506	89.5134	3	8.69479	0.385155	0	65	15.5203	0.810642	0.9281	0.5	102.483	-12.9701	7.34945	0.368292
